Phase	Zone	Area (m^2)	Temperature (K)	Power (W)	IR/EM Energy Radiated (J)	% of Total IR/EM
1	1	2185430534813.131	1944.405994097654	1.7713180502917302e+18	9.316424417314384e+24	0.028733209797501727
1	2	1201975341512.9119	2015.945109234469	1.1256985486907523e+18	5.92072408669388e+24	0.018260375409682915
1	3	761376254756.8976	2013.9520646100068	7.102440146111059e+17	3.7355994192485726e+24	0.011521132681891729
1	4	3686326600082.2046	2050.525764240326	3.6954426640930196e+18	1.9436550236063644e+25	0.059945151772453076
1	5	592630224331.111	1970.9560932988243	5.071113515028392e+17	2.667202864364333e+24	0.0082260420995687
1	6	1325320294340.4521	1973.7415096410925	1.1404957841376539e+18	5.998551626250404e+24	0.018500406876899564
1	7	1869090093317.9197	1869.3725493653199	1.2942715844590792e+18	6.807350825620973e+24	0.020994861405653754
1	8	1810531130891.1887	2047.5184841198452	1.8043843744318446e+18	9.49034005576173e+24	0.029269590956488747
1	9	3253338026250.7075	1978.5976967911884	2.82729368286492e+18	1.4870433854396334e+25	0.04586258381747398
1	10	2148628294821.6125	1962.8796581440413	1.8086216469701622e+18	9.512626414404265e+24	0.029338325332448283
1	11	2552314928976.6616	1968.5262519537876	2.1732557670726013e+18	1.1430456032495055e+25	0.03525319119773165
1	12	2814054972861.2524	2029.8860233456305	2.7091367454361964e+18	1.4248975626296218e+25	0.04394591612947145
1	13	3165865559879.191	2006.1109582611339	2.9075286707204244e+18	1.5292437796521145e+25	0.047164105437926346
1	14	1267358556592.812	1974.2282168953773	1.0916933309205144e+18	5.741870243309538e+24	0.017708764107443292
1	15	792732168433.7578	1969.9873074947045	6.770050849325166e+17	3.560775944711064e+24	0.010981951624180484
1	16	939524513028.7274	2047.3719910523319	9.360668879248273e+17	4.923337403729421e+24	0.015184289614622785
1	17	3579048619304.706	1948.9223902662202	2.9279085970569697e+18	1.5399628057080839e+25	0.04749469581326246
1	18	2728296095500.716	1991.912230680124	2.4354769920720046e+18	1.2809634787501916e+25	0.03950677934923547
1	19	654748345018.4828	1988.5274773084022	5.805137777358652e+17	3.0532702653795566e+24	0.009416730193246639
1	20	3481350279592.919	2019.467445662806	3.2832721707559593e+18	1.7268698309308043e+25	0.05325918069264443
1	21	1902699842402.3494	2138.915652077622	2.2581701017556754e+18	1.187707146719415e+25	0.03663061824583416
1	22	1331845049864.8716	2059.681986214116	1.359146028265078e+18	7.148564450263004e+24	0.022047213920249876
1	23	4863130824940.514	2010.931915802693	4.509383352084547e+18	2.3717552678623886e+25	0.07314838681368786
1	24	4648434057604.025	2044.0880519474306	4.6016841884393544e+18	2.420301815751563e+25	0.07464563305641134
1	25	898216259233.6377	1949.5457328567445	7.357433722273302e+17	3.869715840566866e+24	0.011934767258679238
1	26	1721070642982.5315	1920.8352893231556	1.3285286883394557e+18	6.987529489190202e+24	0.021550558646297555
1	27	4229318791183.682	1932.6660951319327	3.3458731366453033e+18	1.7597954349499637e+25	0.05427465427522805
1	28	2942132374212.118	1955.9704366976446	2.441873102625722e+18	1.2843275770570247e+25	0.039610533040673156
1	29	1134159012386.432	2029.106139735652	1.0901964027529695e+18	5.733996999919518e+24	0.017684481878126667
1	30	3780532256184.443	2044.387422979668	3.7447039310903537e+18	1.9695644795962824e+25	0.06074423713111694
1	31	3970716560086.756	1989.6417054947713	3.528418794234714e+18	1.8558071490156902e+25	0.05723579537367482
1	32	1021410767863.0837	1968.826130250752	8.7024518153051e+17	4.57714155677787e+24	0.014116571200786267
1	33	4383965416440.171	1924.592335522626	3.410624157476892e+18	1.7938518818665462e+25	0.05532500469978903
1	34	786012576287.1064	2054.982348789241	7.948288364350235e+17	4.1804817481136496e+24	0.012893214579183212
1	35	1899420447720.48	2058.985817235035	1.9357366198970153e+18	1.018120032601034e+25	0.03140030465056649
1	36	3369008621098.459	1955.089603027216	2.7911329497559823e+18	1.4680242862536565e+25	0.04527600709813244
1	37	4492457341593.469	1948.1085061742258	3.6690047088571766e+18	1.9297497166705206e+25	0.0595162918541096
1	38	3709601542503.4775	1996.2098127485908	3.3401328794610703e+18	1.7567762892813445e+25	0.054181539425560574
1	39	3923532718776.0386	2074.7717126441735	4.1225913533774157e+18	2.1683181482223855e+25	0.06687408974715223
1	40	2722080183639.7583	2016.909062599666	2.554217759238748e+18	1.343416372649212e+25	0.041432917556858
1	41	2852297732218.973	1980.0680804992398	2.486148606813697e+18	1.3076147212397322e+25	0.040328742483925734
1	42	985511421469.8701	1996.9567956262626	8.886854593967985e+17	4.6741300422434015e+24	0.014415697815890218
1	43	641431335590.3042	1929.0624770704298	5.036711588885716e+17	2.649108827290331e+24	0.008170237453918934
1	44	2788568110241.1626	2052.124580866971	2.804192885399747e+18	1.474893290004851e+25	0.04548785717820832
1	45	4584049132667.418	1973.2791773163246	3.94107893035361e+18	2.072849874208785e+25	0.06392970913140854
1	46	3899980123443.719	1925.2473064592832	3.038227064256305e+18	1.5979859067162463e+25	0.04928421275634067
1	47	1529591744712.301	1989.3919289144187	1.3585282513770857e+18	7.14531519094292e+24	0.022037192731267013
1	48	1225495792643.02	1978.6565602980138	1.0651364292551692e+18	5.602191563310488e+24	0.01727797471476685
1	49	4683639435541.578	2025.0724165762404	4.466398031646502e+18	2.349146708724794e+25	0.07245110592155458
1	50	4421572655844.7295	2057.9093326466013	4.496695184497226e+18	2.365081799238161e+25	0.0729425673217156
1	51	4116524346046.015	2068.593106677489	4.274080694514166e+18	2.2479954820866707e+25	0.06933145476991065
1	52	4532410849655.72	2008.7776646977416	4.184740100028216e+18	2.2010059030108403e+25	0.06788222771304442
1	53	1931015637373.3875	1987.1684908653722	1.7074040071004047e+18	8.980262115745289e+24	0.027696436298964594
1	54	2421985048818.1533	1981.6087137933619	2.1176530484915988e+18	1.1138007973846412e+25	0.03435123879114025
1	55	4181066446651.219	1867.2411976218266	2.882043220221345e+18	1.5158394521076185e+25	0.04675069645366555
1	56	1499485147118.2861	2017.2758971944384	1.4080403580910116e+18	7.405729067415485e+24	0.02284034705439561
1	57	1039394153001.5726	2022.6468163266754	9.864435261724019e+17	5.188298370256365e+24	0.01600146782574191
1	58	1954413194093.3984	1991.6969545824468	1.7438983216796902e+18	9.172207612706498e+24	0.028288424167574593
1	59	2834557797845.1475	1952.8471595766368	2.3375993131633787e+18	1.2294837347514106e+25	0.03791906906642608
1	60	4873019372244.323	2070.1979369329647	5.075249070206166e+18	2.669378000965635e+25	0.0823275053764579
1	61	4831012827239.5	1999.072459774418	4.374859114629499e+18	2.301000899930531e+25	0.07096621905617631
1	62	1853952394175.4634	1916.3247689004888	1.417707923725563e+18	7.45657659562697e+24	0.022997168237109202
1	63	1781782224698.6042	2005.1173841274833	1.6331480918504274e+18	8.589705703896508e+24	0.026491903442072112
1	64	2762055604529.8765	1978.3695359725994	2.3992406863254385e+18	1.2619046313797275e+25	0.03891897673799294
1	65	731654380624.9521	2023.8877049716764	6.96086742169532e+17	3.6611378291148705e+24	0.011291482292930166
1	66	1578028508001.376	1987.0485677630554	1.3949560047433674e+18	7.336910602548216e+24	0.02262810088565105
1	67	1152026924410.504	2016.9910482093321	1.0811606950921354e+18	5.686472791906596e+24	0.017537910298931796
1	68	1589248721801.752	1999.6309925027713	1.4407978265531602e+18	7.578020248539001e+24	0.023371718150401177
1	69	3524609963326.4536	1961.2331947021528	2.956921139886261e+18	1.555222242734578e+25	0.04796531907582998
1	70	3776973568753.368	2038.6570427944625	3.699409178073466e+18	1.9457412512995203e+25	0.06000949407300499
1	71	2155024097236.6394	2070.2602652939095	2.2447276409511857e+18	1.1806369500346855e+25	0.03641256308265978
1	72	2910986078336.413	2069.6162876745952	3.028385787828627e+18	1.5928097889663445e+25	0.04912457374615551
1	73	906303965244.8374	1975.3283758898338	7.824251947989692e+17	4.1152435545646583e+24	0.012692010488634324
1	74	1339333296799.344	2046.1581304170977	1.3312425093260152e+18	7.00180310205111e+24	0.021594580547246868
1	75	683488136996.4376	2085.330247683923	7.328955564558044e+17	3.8547374687349487e+24	0.011888571778418417
1	76	574645230175.3527	2043.679470781769	5.684112596954751e+17	2.9896158614943206e+24	0.009220410740692476
1	77	2804418762346.7646	2032.4543366314554	2.713549752863735e+18	1.42721862801621e+25	0.044017501166519146
1	78	1284648930522.4614	1938.8563231662347	1.0293870626008032e+18	5.414164194455185e+24	0.016698070923892857
1	79	3609219821461.0967	2031.0274107980867	3.482476618246605e+18	1.8316434021329843e+25	0.05649055022642265
1	80	1118844248656.9697	1991.953131156847	9.988443859727844e+17	5.253521932462456e+24	0.016202626791098306
1	81	2034798579726.1633	1982.1627487115902	1.781108608667628e+18	9.367918838148256e+24	0.028892026091279704
1	82	3469928207153.8057	2027.8060899266982	3.32688598831678e+18	1.7498089544150935e+25	0.053966656670681595
1	83	4177499900905.471	2068.194326220855	4.334046378442773e+18	2.279535033205761e+25	0.07030418046233364
1	84	1588335309052.0327	2126.9581358134665	1.843273140551218e+18	9.694879410043187e+24	0.02990042011531198
1	85	918962455126.5464	1927.99792761581	7.200054038554264e+17	3.786940422118001e+24	0.011679475812322735
1	86	2071443085756.974	2059.536362805682	2.1133070344060803e+18	1.111514967816222e+25	0.03428074047804423
1	87	3766800554916.077	2030.8820422755573	3.6334832301232783e+18	1.9110668397156395e+25	0.05894008471806732
1	88	878629842477.7197	2060.8535398490053	8.986823261492017e+17	4.726709562614341e+24	0.014577860714680283
1	89	1227329213425.762	2011.3144134749436	1.1389185634348621e+18	5.990256076242e+24	0.01847482219246482
1	90	541386732274.83344	2042.370071628832	5.3414245254482074e+17	2.809375643404739e+24	0.008664523656942773
1	91	956621942897.1445	2008.7416505995736	8.831783483836772e+17	4.6451648411587883e+24	0.014326364917096528
1	92	3613528389617.1196	1939.157255382038	2.897312403661701e+18	1.5238704318299083e+25	0.046998383565054744
1	93	3433825667761.7026	2036.7250532440023	3.3505769892597243e+18	1.7622694732710445e+25	0.05435095722037357
1	94	1567620893735.6003	1952.275136901929	1.2912694416162936e+18	6.791560755125058e+24	0.020946162528492976
1	95	1964298641716.7048	2038.4988679965397	1.923362531581794e+18	1.0116117571107603e+25	0.03119957995544158
1	96	4321505347223.801	2063.419476120195	4.4421875750164127e+18	2.3364129769556326e+25	0.07205837908769712
1	97	3459258015351.545	1956.6179455010313	2.8748740466242156e+18	1.5120687535624725e+25	0.04663440261868369
1	98	2154721113767.451	2007.2930926214156	1.9835628435730076e+18	1.043274713205659e+25	0.03217611163705219
1	99	1693410654567.7644	2043.9336774095448	1.675873456871421e+18	8.814424033760926e+24	0.027184967500568476
1	100	3340123816987.683	1988.0202745903096	2.958404398988217e+18	1.5560023776918425e+25	0.04798937957414282
1	101	4076650865937.418	2136.721107953087	4.818441790041495e+18	2.5343076438902245e+25	0.07816173884046962
1	102	2716329622184.8877	2004.6882715075974	2.4876060506212977e+18	1.3083812783847778e+25	0.04035238422273428
1	103	1378593445091.2002	1951.8492186966937	1.1345744688458792e+18	5.967407876341786e+24	0.01840435501623699
1	104	609421848941.5422	2048.859000040654	6.089449656236406e+17	3.2028069411941e+24	0.009877923080789953
1	105	3404625331582.2554	1993.793380555917	3.0507151720912584e+18	1.6045541519131183e+25	0.04948678700456022
1	106	4849946685696.514	2037.017040897387	4.735080315051711e+18	2.490462842504598e+25	0.07680950130779379
1	107	4836289896901.638	1977.3768883827665	4.1925850106269486e+18	2.20513201218935e+25	0.06800948292959849
1	108	2232939778708.6636	2038.8524897451805	2.1879226819889825e+18	1.1507598138189253e+25	0.03549110868708658
1	109	4330115021825.856	1953.697669039426	3.577178425359503e+18	1.881452764602084e+25	0.05802674351002256
1	110	3005605681062.5757	1974.351734118219	2.589654591423012e+18	1.3620547289048473e+25	0.04200775160969318
1	111	4712696483723.514	2031.5037469300503	4.5514703480145664e+18	2.3938913442417412e+25	0.0738310956494075
1	112	937294221968.4585	2088.1468736151614	1.0104895942017814e+18	5.31477106966369e+24	0.01639152805088294
1	113	3267532520146.2637	2052.871175443119	3.290625375128827e+18	1.7307373223027578e+25	0.05337845975937935
1	114	3833458779893.92	2002.5680429739818	3.495840907007832e+18	1.8386724834498394e+25	0.05670733733176915
1	115	3636570834478.706	1952.049595178661	2.994106043315658e+18	1.5747800145423035e+25	0.04856850924337823
1	116	1821163299190.2202	2069.100230208597	1.892721617448594e+18	9.954958619132624e+24	0.030702542275488243
1	117	4142125199653.311	2015.2224559935426	3.8737084780081843e+18	2.0374157110931848e+25	0.06283686793268937
1	118	4609582486504.121	2012.8603745490054	4.290697813370113e+18	2.2567354219201445e+25	0.06960100724369667
1	119	2801040794874.22	2071.8678164166763	2.9267076843158497e+18	1.5393311736427642e+25	0.047475215360424865
1	120	3424837688499.9434	2000.3653186370316	3.1094887942276675e+18	1.635466726211984e+25	0.05044017581868447
1	121	3658850947659.665	2011.6148079088202	3.3973144784968e+18	1.7868515231101767e+25	0.05510910344004101
1	122	2020978205831.9111	2008.809046102616	1.8660702470892867e+18	9.814783071590813e+24	0.030270220470943448
1	123	2190123286879.748	2008.251139905467	2.0200047381374397e+18	1.062441692070768e+25	0.03276724918107813
1	124	661740232085.3394	1957.2035541085315	5.506089405005556e+17	2.8959827834567224e+24	0.008931632690795978
1	125	2595191081596.071	1910.575174750975	1.9608194144159442e+18	1.03131257920621e+25	0.03180718200220943
1	126	3158749672560.5483	2017.8652270968316	2.9695837099770327e+18	1.56188224809952e+25	0.048170723341277276
1	127	637251124725.7224	1955.3439863185388	5.282202268504725e+17	2.778227105142745e+24	0.00856845702830099
1	128	2850094670246.6196	1983.2591376302632	2.500281332126856e+18	1.3150479694454414e+25	0.04055799468477503
1	129	3964970988943.7485	2027.4788172531335	3.7990678723211817e+18	1.9981577381260487e+25	0.061626094868945096
1	130	884063592471.956	1936.456409656198	7.048977813742601e+17	3.7074803709160587e+24	0.01143440944142378
1	131	732567745258.7346	2119.451797869623	8.382116746348781e+17	4.408658123909605e+24	0.013596943754980972
1	132	3368434556741.9297	2092.1706879160265	3.6595552092898816e+18	1.9247796578781062e+25	0.05936300800228877
1	133	3767411001751.977	2000.7571639129933	3.42319989952792e+18	1.8004662191557048e+25	0.055529000495265705
1	134	1953304128235.607	2022.1037008433366	1.8518052058870505e+18	9.73975466088353e+24	0.030038821924778147
1	135	4078337876459.1665	1977.775062789041	3.5383641496209833e+18	1.8610380081346523e+25	0.0573971226874101
1	136	853053716040.1968	1916.5433820454734	6.52623536930812e+17	3.432538754841299e+24	0.010586449453463343
1	137	614078345369.5588	1961.4090461121623	5.153570426420422e+17	2.710571901480085e+24	0.008359798526535105
1	138	1279824440318.8062	2083.065086530408	1.36638629021087e+18	7.186645331993092e+24	0.022164660905811304
1	139	1203966692019.8872	2015.888351621856	1.127436551141731e+18	5.929865284385048e+24	0.018288568194736014
1	140	3715681652150.2803	1919.3886346412737	2.859577755389571e+18	1.5040235162246988e+25	0.04638627578166741
1	141	3470888195229.7905	2018.8648132730204	3.269499807674983e+18	1.719626118844734e+25	0.05303577406177547
1	142	3252743358054.585	2082.5675493239746	3.469428350341243e+18	1.82478053514548e+25	0.05627888941307689
1	143	2388200280925.0547	1963.4629298385173	2.0126733984319997e+18	1.0585857006392945e+25	0.03264832478925675
1	144	3910307497089.661	1936.0040133368434	3.1149254730154767e+18	1.63832620178722e+25	0.050528366210119836
1	145	564770698833.9014	1988.1304019396666	5.003378514547726e+17	2.631576963511522e+24	0.008116166632589504
1	146	940253722929.5066	2093.600284023615	1.0243110846914647e+18	5.387466581043227e+24	0.016615731595745385
1	147	2712271438025.7456	1935.252876276007	2.1572266339331587e+18	1.1346149203834841e+25	0.03499317665924047
1	148	2452332421570.879	1994.7440747626792	2.2016070705442394e+18	1.157957254823448e+25	0.03571308825040892
1	149	2293271304788.1807	2077.153382592954	2.420702631180739e+18	1.2731927558958216e+25	0.039267118938705124
1	150	703868043974.2003	2066.1631903575617	7.273801842252463e+17	3.8257288169511057e+24	0.011799104871339908
2	1	2185756765819.1206	2202.9254451153424	2.918856641337066e+18	1.5352018390776432e+25	0.047347860668250044
2	2	4354204285347.45	2317.399846422516	7.120728592689609e+18	3.7452184106110265e+25	0.1155079905221553
2	3	3464121342285.2524	2189.8771237084225	4.5173508266317865e+18	2.3759458407752543e+25	0.07327763018569797
2	4	3135990115730.585	2203.044830355858	4.18870486396039e+18	2.2030912102486066e+25	0.06794654162541151
2	5	4731036086412.309	2105.131150875567	5.268471420944764e+18	2.771005228560108e+25	0.08546183709086923
2	6	3394796982990.5894	2264.0270380838733	5.05768736640412e+18	2.660141247233911e+25	0.08204263043846319
2	7	2562138007211.825	2234.3424256382987	3.620872090893284e+18	1.9044338849262316e+25	0.05873551473176743
2	8	2237461870103.4844	2203.548620781987	2.991285941243724e+18	1.573296753656549e+25	0.04852276331736008
2	9	4825357537207.613	2175.678361697382	6.13084031591207e+18	3.2245767725571126e+25	0.09945064411389617
2	10	1935390336321.9258	2210.379913064286	2.619678560675852e+18	1.377846135773071e+25	0.04249478159696933
2	11	4301938899362.5454	2168.888141754686	5.397896978295375e+18	2.8390778947042353e+25	0.08756129725947147
2	12	3635317244138.6777	2182.225567954182	4.674687809404076e+18	2.4586988002341678e+25	0.07582985198130242
2	13	3330242810509.478	2218.1006955971234	4.5710152279540803e+18	2.404171169294728e+25	0.0741481404261355
2	14	4115664186731.819	2229.065706701786	5.761600613154365e+18	3.03037145849467e+25	0.09346106937707407
2	15	1769155576570.8792	2227.586850523254	2.470110288802892e+18	1.2991792074987689e+25	0.040068578954215395
2	16	4130756326702.688	2164.493602103626	5.141224152546652e+18	2.7040782552734373e+25	0.08339771175864005
2	17	4957273139003.03	2110.616419403411	5.578171144251269e+18	2.9338948950303974e+25	0.0904855916461443
2	18	3993858323338.986	2138.9714947859075	4.740502491824592e+18	2.4933146906000622e+25	0.07689745645664392
2	19	2033615931138.5803	2277.642988791966	3.1032965374776755e+18	1.6322098468517583e+25	0.05033972891571964
2	20	3895442933381.071	2178.024106226286	4.970720135062774e+18	2.6143999622376165e+25	0.08063190258909293
2	21	964057409761.6968	2200.6073254536614	1.2819906297519747e+18	6.742757916243486e+24	0.020795647465472467
2	22	4219058597484.8374	2246.546704198704	6.093812687912152e+18	3.2051017213342757e+25	0.09885000516966463
2	23	1940223204637.753	2188.038760106512	2.5216422659487805e+18	1.3262829661984207e+25	0.0409044983478946
2	24	548769431661.34265	2242.698735553393	7.872005721709284e+17	4.1403601293902147e+24	0.012769473663510313
2	25	4574218893886.687	2186.447976885573	5.927687140937413e+18	3.1177263286474416e+25	0.09615522080094904
2	26	4775278851728.622	2169.345265854581	5.996877637632315e+18	3.1541177622890926e+25	0.09727758561691226
2	27	4777732161219.002	2295.6158819919983	7.523681791179022e+18	3.957155674888518e+25	0.12204444442938205
2	28	2518004848902.439	2253.261354127346	3.6805656726152504e+18	1.9358303211687172e+25	0.05970382655295566
2	29	1819448472641.2903	2260.2461460889285	2.6926161542139556e+18	1.416208392470372e+25	0.043677929466382215
2	30	3885685382469.56	2140.166976539324	4.62242639149646e+18	2.431211384871478e+25	0.07498210005735678
2	31	4062105696766.3184	2165.0426710954043	5.060912137838081e+18	2.661837348017317e+25	0.08209494065691647
2	32	2972879970456.81	2199.55914768771	3.9457693178206787e+18	2.0753168304009643e+25	0.06400579365338394
2	33	2486887256180.1963	2184.5453745401537	3.2115309551303455e+18	1.6891368211603566e+25	0.052095439714925
2	34	1026801573924.2263	2240.1906525688128	1.4663518295199173e+18	7.712424082542958e+24	0.023786239149771612
2	35	1143462569237.7612	2230.6920670737713	1.6054329810532467e+18	8.443935307147657e+24	0.026042326307708672
2	36	955052042552.5562	2267.8940394049996	1.4326160510026493e+18	7.534987381853534e+24	0.023238998522003455
2	37	878480627517.4885	2178.334829654872	1.1216115360240157e+18	5.899228034871913e+24	0.018194078455062573
2	38	4198370266806.603	2210.1911363763734	5.680830167442724e+18	2.987889434868175e+25	0.0921508618953132
2	39	3678090022204.233	2257.717716920446	5.418918947944571e+18	2.8501346098609264e+25	0.08790230245850254
2	40	4762618598227.364	2176.130913471234	6.056163815139574e+18	3.18529992021081e+25	0.09823928878260144
2	41	4937004787202.919	2166.7886278347787	6.170800062472662e+18	3.2455940008581214e+25	0.10009884604532875
2	42	875753225144.0095	2268.0055683124087	1.3139230997743839e+18	6.910709935573349e+24	0.021313635954527385
2	43	3997161121673.4653	2098.146203251393	4.392445494681569e+18	2.310250632382718e+25	0.07125149427681302
2	44	4578594732926.3125	2278.5016140271337	6.997474156956844e+18	3.680391507593022e+25	0.11350863441566784
2	45	1000388670377.681	2184.8837878961845	1.2926884542857423e+18	6.79902419416129e+24	0.020969180861496392
2	46	2608972888973.5684	2199.7718585504854	3.464111563496243e+18	1.821984117936484e+25	0.056192643833498
2	47	753364740568.2681	2263.5569112990456	1.1214571897726587e+18	5.898416235328276e+24	0.018191574747035113
2	48	3125159442937.2183	2238.543155073202	4.4498544003349396e+18	2.340445420400165e+25	0.07218274551659551
2	49	4829776468135.438	2127.719501376396	5.613015792342849e+18	2.9522217861406445e+25	0.091050819660261
2	50	4408696076852.571	2157.793154324113	5.419523967074881e+18	2.8504528257227042e+25	0.0879121166991466
2	51	1506181273337.5369	2203.482633225944	2.013388149542052e+18	1.0589616311331376e+25	0.0326599190332124
2	52	4968341582536.852	2249.175215317923	7.20968582648191e+18	3.792006357296425e+25	0.11695099894243229
2	53	832084541309.2949	2223.6813693863783	1.153637646967593e+18	6.067672567990752e+24	0.018713585928375066
2	54	2853940298765.67	2202.7175288969283	3.809709421939764e+18	2.0037547675634384e+25	0.06179871540861097
2	55	3332293871608.6816	2178.4028899195814	4.2550811684110746e+18	2.2380024913374888e+25	0.069023256380873
2	56	3324011360378.2856	2292.9983503243466	5.210617636863033e+18	2.740576452284481e+25	0.08452336931241128
2	57	3129414403653.951	2194.4534032185243	4.115098810693249e+18	2.164377370472221e+25	0.06675255042177503
2	58	3290596690106.9155	2248.815456324055	4.772013497420158e+18	2.5098882191031063e+25	0.07740860821426222
2	59	1748215323415.0972	2192.113802087295	2.2890698500647718e+18	1.2039591783400674e+25	0.03713185457135404
2	60	2090085026117.2378	2132.2471022241034	2.4497728768787533e+18	1.288482542323149e+25	0.03973867822099685
2	61	3126452503328.9243	2104.364674146789	3.476542819138173e+18	1.8285224611539135e+25	0.05639429586112066
2	62	4162077588681.269	2218.123822940265	5.713010911493402e+18	3.0048152190090696e+25	0.092672877729847
2	63	3581290276492.4565	2237.098150826473	5.086176365913467e+18	2.675125321415847e+25	0.08250476110985118
2	64	2382093663307.785	2273.8329312714814	3.6108111783335864e+18	1.8991422473563332e+25	0.05857231292208424
2	65	4697278175093.06	2196.3194442104045	6.197835460478826e+18	3.2598135387934437e+25	0.10053739730535917
2	66	4147489988518.248	2185.8889405506393	5.369198424814645e+18	2.823983603515511e+25	0.08709576733506812
2	67	4942742581917.25	2214.7738762211593	6.743685351479328e+18	3.5469087474640672e+25	0.10939183168177041
2	68	2214008854839.5967	2145.132706571667	2.658322997081309e+18	1.3981715635448854e+25	0.04312164739250579
2	69	4864614790165.715	2213.7817578943705	6.625206362076822e+18	3.484593538197925e+25	0.1074699398687572
2	70	2609119219077.366	2213.936151748533	3.5543977759267333e+18	1.8694710542264246e+25	0.05765721011122538
2	71	2366687760519.493	2194.568566795557	3.112786391480429e+18	1.6372011304630465e+25	0.050493667371867515
2	72	4391250693147.7393	2197.2257520851163	5.803616271955587e+18	3.0524700143977606e+25	0.09414262102665893
2	73	4158054541085.349	2275.8116661466947	6.324805806221975e+18	3.3265948618405098e+25	0.10259703057206604
2	74	4751445784470.926	2215.6229240548973	6.492633893932246e+18	3.414865722852604e+25	0.10531943248814123
2	75	4323413258048.3516	2184.348814589178	5.5811854276555e+18	2.9354802875296865e+25	0.09053448745987387
2	76	1081217368181.7274	2120.0438263731257	1.238523084572422e+18	6.51413601561711e+24	0.02009054422620904
2	77	4793229622664.25	2131.570494222907	5.610980652801343e+18	2.951151384147395e+25	0.09101780690379775
2	78	3522653079826.3555	2226.77459049876	4.911188905988762e+18	2.583088916993849e+25	0.07966622435067325
2	79	3281577082060.5312	2158.6053460542144	4.040055580207182e+18	2.124907632965769e+25	0.06553524623121292
2	80	3522079380167.598	2184.806778228454	4.550540819594592e+18	2.3934024494739716e+25	0.07381601742271668
2	81	2841384654067.07	2205.7430734106947	3.8138311678271785e+18	2.005922641030383e+25	0.06186557578373985
2	82	4334816751433.4307	2277.5631427366484	6.613999900631767e+18	3.478699387736284e+25	0.10728815568396027
2	83	2983580774485.185	2251.328992327604	4.346156826423726e+18	2.2859046444258228e+25	0.07050062854940707
2	84	2315672897955.7866	2208.3044066254074	3.1226600401683236e+18	1.6423942747269315e+25	0.050653831504542265
2	85	1103068528027.8833	2274.452258694224	1.6738692518592435e+18	8.803882717078877e+24	0.027152456544626592
2	86	1458338726790.0981	2243.8912584240056	2.0964155488914043e+18	1.102630722094923e+25	0.034006737400502786
2	87	1113671640140.4639	2113.4563448117215	1.2599172533527772e+18	6.626660785734267e+24	0.020437587005967237
2	88	2468637149106.781	2272.2169395990904	3.731368747033252e+18	1.9625507061896092e+25	0.060527922144015735
2	89	4568714125221.867	2210.006720958671	6.179880802585582e+18	3.2503701069279124e+25	0.10024614811270062
2	90	4026438557335.144	2091.4567085934796	4.3684596714044836e+18	2.297635048771902e+25	0.07086241130423629
2	91	2284442520445.716	2249.077368836504	3.314435362246562e+18	1.7432604231272015e+25	0.05376469042812741
2	92	4772842806459.39	2216.5350278531964	6.532617997946503e+18	3.435895762199943e+25	0.1059680295309013
2	93	1161830664180.6707	2199.264087068253	1.5412181013705265e+18	8.106190725968421e+24	0.02500067282840209
2	94	1662099747345.3125	2239.820271484816	2.372037244091104e+18	1.2475967089021573e+25	0.03847769956995155
2	95	2566110903072.176	2199.6900430163064	3.4066939120590843e+18	1.791784729986596e+25	0.05526125072509942
2	96	1979382246293.7869	2220.155966354279	2.72693851811296e+18	1.4342605829866925e+25	0.0442346853140934
2	97	3350303844425.266	2193.854434672427	4.400754734625563e+18	2.314620960223661e+25	0.07138628155260983
2	98	1079958748597.9215	2196.2348172622437	1.4247346690151503e+18	7.493534465152084e+24	0.023111151689468912
2	99	1076206275309.976	2144.9374047576443	1.291712159538974e+18	6.793889274311187e+24	0.020953344020801144
2	100	2055502774957.3845	2224.3836637461645	2.8534389922332585e+18	1.5007947723550047e+25	0.046286696618208625
2	101	4535547844577.053	2302.7546304310736	7.231562537605102e+18	3.803512632278779e+25	0.11730586922125007
2	102	1275439420407.3342	2184.031999623317	1.6455366562710492e+18	8.65486459732321e+24	0.026692862959494166
2	103	1365300584639.0186	2159.2250463355754	1.6827966928987566e+18	8.8508374859703e+24	0.02729727189063456
2	104	899161401906.7502	2172.048725338307	1.1348217383170723e+18	5.968708414852473e+24	0.018408366066421423
2	105	1042861419952.7036	2128.2955565383736	1.213294115207657e+18	6.381441728346192e+24	0.01968129571795094
2	106	2139214374716.3396	2190.4233588043353	2.7924042702496036e+18	1.4686929499804815e+25	0.04529662966134579
2	107	2765377718846.856	2194.902524376007	3.639377853012855e+18	1.9141671755706411e+25	0.0590357035913326
2	108	4097346795090.692	2202.1067040870967	5.46346162152471e+18	2.8735622744571366e+25	0.0886248457559691
2	109	3325551752709.085	2242.5677132300257	4.769333679616682e+18	2.50847874213119e+25	0.07736513789160973
2	110	3867168606726.4624	2168.9818138732226	4.853203327088791e+18	2.5525908219156204e+25	0.07872561867938341
2	111	1330344587103.698	2172.636008183124	1.680829941136309e+18	8.840493158400531e+24	0.027265368477805505
2	112	2680353433359.5957	2138.5972990438186	3.179214692188944e+18	1.6721397595036968e+25	0.05157122557799257
2	113	3282146471886.332	2168.6737908655728	4.1166753468037693e+18	2.1652065654049106e+25	0.06677812400118358
2	114	3863619221601.9043	2090.393497187901	4.183292553581972e+18	2.200244551481974e+25	0.06785874652302058
2	115	665074413007.6906	2242.5701046189415	9.538192646330682e+17	5.016707804264085e+24	0.01547225752884246
2	116	4528430769592.396	2150.603207710173	5.492886512340798e+18	2.8890385900307663e+25	0.08910215786880393
2	117	2802548489520.4976	2151.3865726137965	3.404385147171073e+18	1.7905704120060977e+25	0.05522379938998239
2	118	2513355650705.546	2203.974122590877	3.3627272894327946e+18	1.7686600451500727e+25	0.05454805176469776
2	119	2896777699047.604	2159.474707651039	3.572065323502998e+18	1.878763477549637e+25	0.057943801980501794
2	120	2197778733970.802	2154.7729058106465	2.6865920649418035e+18	1.413039962476791e+25	0.043580210470707155
2	121	590320389999.7687	2146.9368683526704	7.11175221788287e+17	3.7404971965176744e+24	0.011536238140328442
2	122	1973738084800.616	2167.281332694349	2.469234971330367e+18	1.2987188255209197e+25	0.040054380103493284
2	123	1038929593186.6305	2210.9111366265547	1.4076121368547087e+18	7.403476795001026e+24	0.02283340071823627
2	124	3555960436150.203	2245.528206118554	5.126756791561882e+18	2.6964690020898873e+25	0.08316303130793096
2	125	4051270573733.0225	2156.3012940257454	4.966389307958839e+18	2.612122120414031e+25	0.08056165062968138
2	126	2916979438183.465	2199.8352039836323	3.873519044469209e+18	2.037316076629025e+25	0.06283379506070166
2	127	3140785031093.956	2177.9747720563237	4.007387403677149e+18	2.1077254788380335e+25	0.06500532357289379
2	128	1074111362580.0369	2279.101909148189	1.6432968665786908e+18	8.643084199457282e+24	0.0266565304967147
2	129	1776991576094.26	2269.786596796428	2.6744668196325514e+18	1.4066625684539368e+25	0.04338352235066031
2	130	3068502371010.1035	2134.5175354994053	3.6119115593587825e+18	1.8997210037603452e+25	0.058590162612516136
2	131	2102435266540.308	2201.384546580811	2.799742070693352e+18	1.4725523395018754e+25	0.04541565885520948
2	132	1567520562811.975	2206.368273926858	2.1063813426318794e+18	1.1078723309706632e+25	0.03416839625239364
2	133	958021126791.8169	2177.0945048584313	1.2203824387903572e+18	6.418723475061763e+24	0.019796278054737246
2	134	1223066179668.0005	2168.70035348728	1.5341219889582164e+18	8.068868013124635e+24	0.024885564146109842
2	135	1339551608230.876	2158.570811449063	1.6490597339205123e+18	8.673394576528326e+24	0.02675001211416926
2	136	4535444410818.913	2172.741540033408	5.731441385808837e+18	3.0145089112800156e+25	0.09297184531790134
2	137	861051855477.3899	2074.862023916889	9.048944637087859e+17	4.75938292132273e+24	0.014678630111661855
2	138	4920703776088.729	2234.2321100777585	6.95267797390754e+18	3.65683050715641e+25	0.11278197884668577
2	139	1004175059756.2356	2219.512663449157	1.381820643197878e+18	7.267823854963559e+24	0.02241502729393192
2	140	4394782066522.911	2195.7545583752085	5.792742883550625e+18	3.0467510470322866e+25	0.09396623974369393
2	141	4176824319271.76	2163.799910169785	5.191900241112556e+18	2.73073185081556e+25	0.08421974746489905
2	142	3508894489659.9395	2173.37098488898	4.4393307724061107e+18	2.334910413054718e+25	0.07201203782857747
2	143	4682191951074.137	2302.166024484115	7.457744694486442e+18	3.922475399512089e+25	0.12097485422654186
2	144	1759905921471.2788	2280.9806077718654	2.701391701210403e+18	1.4208239791686234e+25	0.043820280882546706
2	145	3962718199363.716	2171.7721498365213	4.998756298315481e+18	2.6291458626620104e+25	0.08108668763490916
2	146	2414463973773.8755	2149.897663818563	2.9248501284624077e+18	1.538354173566088e+25	0.047445083255104346
2	147	2784246704080.0474	2177.06903615285	3.5465677030599685e+18	1.865352749101421e+25	0.05753019558304766
2	148	3247790190987.3467	2184.6641800339094	4.195062682745887e+18	2.2064351686170267e+25	0.06804967417181565
2	149	1798837489581.151	2143.042913570506	2.151429590439851e+18	1.131565907387744e+25	0.0348991406577042
2	150	2665130458346.6787	2213.387133285163	3.6271017031966024e+18	1.907710411813285e+25	0.05883656759307535
3	1	2896652446482.136	2392.5724297496477	5.382307450275023e+18	2.8308784265466512e+25	0.08730841371934213
3	2	1104866046225.384	2379.626993118237	2.0088934868526784e+18	1.0565976183450346e+25	0.03258700943575106
3	3	785187367127.4548	2369.901566055181	1.404449966368797e+18	7.386845043113325e+24	0.022782105973076186
3	4	3566762250007.6816	2438.012554731768	7.14545105943472e+18	3.7582214392202853e+25	0.11590902286277985
3	5	3921025369503.5894	2363.8330458774385	6.941903747018518e+18	3.6511636947818593e+25	0.11260720609960222
3	6	2353284113662.7085	2521.692403920121	5.3957838078148e+18	2.8379664515582725e+25	0.087527018734084
3	7	2069907199443.4788	2408.486464219519	3.9494757477889633e+18	2.077266264307083e+25	0.06406591703430975
3	8	1315548797745.4707	2404.4696959572825	2.493422823209125e+18	1.3114406680950713e+25	0.040446740257260576
3	9	799233203150.4988	2424.4022039689376	1.565683356692041e+18	8.234868182857458e+24	0.025397532846729538
3	10	4288229495412.224	2479.00670475376	9.183337843618666e+18	4.830068372229674e+25	0.14896634337270728
3	11	1128975694818.3027	2370.2741973637876	2.0206480882481759e+18	1.0627800684950105e+25	0.032777685202831516
3	12	1236451742895.6704	2429.416425923032	2.4422873604517217e+18	1.2845454601031875e+25	0.03961725287115349
3	13	1239196090689.4683	2427.174157648189	2.4386840020314757e+18	1.282650237708475e+25	0.03955880145219602
3	14	2853794411461.037	2451.74604635403	5.847043896742746e+18	3.0753112079308148e+25	0.09484707670236951
3	15	2114737178555.7612	2386.489834066123	3.8896138865116913e+18	2.045781319749689e+25	0.06309487548778145
3	16	4174697477622.0967	2447.3808468830703	8.492645064888044e+18	4.466791598328516e+25	0.1377623585696292
3	17	2476107088565.983	2366.179348975798	4.4012070390580767e+18	2.314858854262986e+25	0.07139361855126436
3	18	1856200433738.6394	2288.4835046187054	2.8868734869278546e+18	1.5183799791845745e+25	0.046829050008880095
3	19	3864242210793.13	2320.9874031628237	6.358683523653216e+18	3.3444131861006457e+25	0.10314657364382102
3	20	4548085579735.559	2400.8026709321966	8.567738978848143e+18	4.50628799331497e+25	0.1389804849157
3	21	2227510496179.451	2444.6205409907607	4.511046690795638e+18	2.3726301174908735e+25	0.07317536845040873
3	22	3309070981612.9644	2404.7810222944695	6.275090065733456e+18	3.3004463709731685e+25	0.1017905730296391
3	23	1026041183187.6383	2408.2597190060287	1.9569954503690583e+18	1.0293013270761099e+25	0.031745152057220616
3	24	2007075265956.8875	2428.446833723482	3.9581276397094303e+18	2.081816813381572e+25	0.0642062625954331
3	25	1126724326985.2427	2425.468905816805	2.2111196974723348e+18	1.1629605160825493e+25	0.035867396114660235
3	26	2900574913893.447	2462.3663527615863	6.046533947225013e+18	3.180234994882468e+25	0.09808307910864383
3	27	4522516623729.31	2375.630248803943	8.167841368121566e+18	4.295957845977219e+25	0.13249359683558698
3	28	1902749305079.967	2420.1910279339654	3.7016205286429563e+18	1.9469043332450492e+25	0.06004536521418063
3	29	1618201129165.096	2475.4885656229812	3.445783087711706e+18	1.812344072812849e+25	0.05589533080160133
3	30	4445445365427.873	2420.101724002346	8.646921133850108e+18	4.5479346395598026e+25	0.14026492814232155
3	31	2039367869221.5835	2464.34874819248	4.2649700078555786e+18	2.24320362533172e+25	0.06918366692846831
3	32	1174628423069.482	2377.768122087718	2.129071484868096e+18	1.1198064381812238e+25	0.03453646150024735
3	33	1531631278546.8867	2448.192515935768	3.1199542616093107e+18	1.640971143436033e+25	0.05060994006280547
3	34	3385164347983.838	2448.6778723760062	6.901096841931258e+18	3.6297008949821645e+25	0.11194526209419571
3	35	3622768000101.95	2318.389096028574	5.934683486197335e+18	3.1214061264003503e+25	0.09626871112310546
3	36	2055631970767.6375	2414.04821604591	3.9585930733288827e+18	2.082061612848059e+25	0.06421381256751876
3	37	1317189725606.4155	2408.5297101790434	2.513437570688035e+18	1.3219676246790787e+25	0.040771406930341016
3	38	2303831375436.3794	2441.778269917495	4.643947733324886e+18	2.442530749819557e+25	0.07533120575849163
3	39	2579026116398.597	2409.0265420902715	4.925312793182498e+18	2.5905175167022666e+25	0.07989533318509573
3	40	3251544059455.915	2532.1785791699276	7.580165750054695e+18	3.986863977898767e+25	0.12296069176299944
3	41	581495827193.7822	2489.108180926804	1.2657077170901947e+18	6.657116308807588e+24	0.02053151627483267
3	42	4651247215297.83	2429.513730953089	9.188795607333798e+18	4.832938937633284e+25	0.14905487579060153
3	43	3682573854410.294	2412.5121966286824	7.073612622871943e+18	3.7204372951257273e+25	0.11474370482803008
3	44	3230217708722.8516	2343.012278592165	5.52003445397929e+18	2.903317321414947e+25	0.0895425347410097
3	45	2408588020860.7373	2409.194167595258	4.601097869023423e+18	2.4199934351915593e+25	0.07463612215079868
3	46	4665058308080.494	2405.0047721289848	8.849782205580195e+18	4.654631448846959e+25	0.14355561313974854
3	47	2528777171318.5947	2526.9345550868743	5.846531259561422e+18	3.0750415812789256e+25	0.0948387610237264
3	48	2295512167415.586	2426.19763335539	4.510202431392494e+18	2.3721860708151962e+25	0.07316167340419721
3	49	746427374699.141	2453.549823360263	1.533835626642832e+18	8.067361861890639e+24	0.024880918956340172
3	50	520844103520.7129	2370.85996992935	9.331320462648818e+17	4.907901310534772e+24	0.015136682455014282
3	51	2000746272610.149	2442.6123244515134	4.038517129400806e+18	2.124098469379648e+25	0.06551029044770726
3	52	4639350273857.422	2283.9631313010937	7.158553188582651e+18	3.765112635066931e+25	0.11612155737940122
3	53	2058556974646.8257	2463.506277328786	4.299216551586189e+18	2.261215937472272e+25	0.06973919286898976
3	54	2534980734004.1323	2359.0762891478803	4.4519916584504463e+18	2.3415695326785968e+25	0.07221741477648033
3	55	1510721703229.919	2343.7290496126557	2.5847932857410145e+18	1.359497876568344e+25	0.04192889455969722
3	56	1293741439278.005	2392.5481666635237	2.4038202236259533e+18	1.2643132848183063e+25	0.03899326311813202
3	57	2742654977327.6587	2440.221955505543	5.514425009597495e+18	2.9003669780478986e+25	0.08945154185453008
3	58	2130772546024.849	2392.1393053317775	3.956349932240126e+18	2.0808818103610167e+25	0.06417742574049014
3	59	3112647576251.1953	2349.1403914727307	5.3749889644938e+18	2.827029195765159e+25	0.08718969783581275
3	60	4824816428612.549	2425.8334654324062	9.4740672471569e+18	4.982980409314643e+25	0.15368237330577933
3	61	1168982274889.0083	2360.0444714587366	2.056365975109266e+18	1.0815662482684694e+25	0.03335707834825456
3	62	4985934133306.763	2391.773217097515	9.25205630541713e+18	4.866211534397194e+25	0.15008105113481227
3	63	2759877546490.592	2366.1216893633145	4.905122480517725e+18	2.579898219853103e+25	0.07956781860374852
3	64	3874822116796.3003	2407.464328173624	7.38079171686619e+18	3.882001211402941e+25	0.11972657131645634
3	65	1444575168930.136	2394.2577990258487	2.691754979209863e+18	1.4157554488652196e+25	0.043663960025907715
3	66	1358094742986.4995	2407.7518311797758	2.588145525437109e+18	1.361261020558902e+25	0.04198327248830441
3	67	664473505316.427	2528.4963419845167	1.5400638409510561e+18	8.100119777866175e+24	0.024981949140249003
3	68	795688877427.5857	2344.644777269999	1.363525432759357e+18	7.171598366141114e+24	0.022118253871602208
3	69	3989874275127.548	2469.4291134520145	8.413122322428047e+18	4.424965816704256e+25	0.13647239054700366
3	70	2483432361222.0264	2267.0324321475314	3.7195894343247483e+18	1.9563552588774447e+25	0.060336845525523604
3	71	2303433773938.967	2341.123581736253	3.923600897739006e+18	2.0636571281748076e+25	0.06364619145490753
3	72	1318676587228.7202	2410.1850899069423	2.523199639337442e+18	1.327102082305921e+25	0.04092976108165497
3	73	4378035294560.8276	2392.506101661877	8.133982078654454e+18	4.278149214089096e+25	0.1319443526907014
3	74	1718351029145.992	2426.388238046583	3.3772623011369375e+18	1.7763048799059836e+25	0.054783829602921386
3	75	3397997944575.571	2381.9054514383497	6.202016566832515e+18	3.2620126334912295e+25	0.1006052205887195
3	76	1202686688147.8564	2396.5205088543494	2.2495147252850028e+18	1.1831547649109e+25	0.03649021616052416
3	77	3721875029813.289	2395.5389412203167	6.950026545248278e+18	3.655435961738784e+25	0.1127389690349147
3	78	1498874728698.2725	2401.499181726358	2.8268765680267843e+18	1.4868239997193675e+25	0.04585581764233573
3	79	1539836584646.3213	2404.9372888818666	2.920797143088489e+18	1.5362224653788217e+25	0.047379338269873804
3	80	1303450979244.5012	2393.4827427006394	2.425647236317741e+18	1.275793420413679e+25	0.03934732722018448
3	81	3437357485333.436	2382.4659236060606	6.279762633865976e+18	3.3029039549081485e+25	0.10186636849755222
3	82	1594274859497.5435	2388.5391974223203	2.942418382843999e+18	1.5475943726406298e+25	0.047730064452489535
3	83	3750201193350.4663	2411.7326002577543	7.194206840423594e+18	3.7838650297891935e+25	0.11669990854463899
3	84	2287325883283.047	2412.6377753768943	4.3944879176824904e+18	2.3113248651842828e+25	0.07128462518098408
3	85	3506383114567.9077	2367.138334094125	6.242602143602663e+18	3.283359023449257e+25	0.10126357434506338
3	86	4533511183345.039	2353.132215888834	7.88191499213102e+18	4.145572009261231e+25	0.12785547860118937
3	87	558508655798.3121	2316.51104139658	9.119670412671293e+17	4.7965818502485933e+24	0.014793357026322672
3	88	4517022699846.387	2488.234346713136	9.818138003633312e+18	5.163947864390977e+25	0.1592636731911351
3	89	4178496027822.984	2337.9249384525438	7.07870778315713e+18	3.723117145629324e+25	0.1148263553206404
3	90	2208615836752.701	2359.1847295472576	3.879535340495577e+18	2.0404804076870536e+25	0.06293138763923438
3	91	3156327241316.635	2437.817578464369	6.321186114672774e+18	3.3246910488732924e+25	0.10253831420734076
3	92	2342352434860.582	2329.3487827329113	3.910227856360288e+18	2.0566234433312573e+25	0.06342926237009293
3	93	2984212313833.911	2312.326529187467	4.837690744511944e+18	2.544431823983502e+25	0.07847398329995045
3	94	4768039881329.705	2372.7538882520544	8.569636306455405e+18	4.507285911743285e+25	0.13901126217345167
3	95	3936226073718.924	2448.591134508637	8.023370758802517e+18	4.2199720842997716e+25	0.13015008527567629
3	96	4099348651762.9185	2398.452087468171	7.6922038060088e+18	4.045791513808388e+25	0.1247781027957066
3	97	2413460770111.551	2507.7619769216535	5.412491577630787e+18	2.8467540701706887e+25	0.08779804169085455
3	98	1660494584449.4104	2433.6128642206886	3.3025938652150216e+18	1.7370322693484927e+25	0.05357260509457159
3	99	1127102333327.7085	2335.5776310121337	1.9017451356069343e+18	1.000241871523823e+25	0.030848916124223344
3	100	1725382969337.1604	2405.0408711127025	3.2733096298325693e+18	1.7216299329067382e+25	0.053097574605911
3	101	582758044463.6003	2318.520350701184	9.548687115009179e+17	5.022227475010228e+24	0.0154892809973383
3	102	2993801011321.0703	2427.593182765475	5.895739745151602e+18	3.100923276359936e+25	0.09563699019552707
3	103	3431391747583.389	2376.5426139902534	6.206753007935925e+18	3.264503812053979e+25	0.10068205216388205
3	104	549481228963.1622	2426.3468706315894	1.0798816176455922e+18	5.679745356168757e+24	0.01751716190729613
3	105	1115985335309.6328	2481.0266722582937	2.397706149272183e+18	1.2610975262711972e+25	0.03889408444093427
3	106	3492665035458.15	2478.524731763057	7.473803934749688e+18	3.930921917520946e+25	0.12123535714390123
3	107	1289170753805.5232	2392.09492549649	2.393513163029488e+18	1.2588921832269895e+25	0.038826068449469876
3	108	2224123377122.7383	2440.3296623956844	4.4726468315202493e+18	2.3524333275063905e+25	0.0725524700315886
3	109	2835129673772.769	2382.599345685158	5.180703491154875e+18	2.7248428082078184e+25	0.08403812081375574
3	110	3214184492598.747	2409.9279181448146	6.147503001917125e+18	3.233340678888331e+25	0.09972093574937872
3	111	1604070993565.9443	2323.7992379136485	2.6523433406237696e+18	1.3950265034344779e+25	0.04302464915806496
3	112	2100527224092.271	2360.0780476291475	3.6952643521908434e+18	1.943561238678296e+25	0.059942259308678
3	113	3735706573329.1045	2428.698347960084	7.370192017976561e+18	3.876426193774952e+25	0.11955462965305154
3	114	2642226809895.948	2312.3213141045658	4.283261217959319e+18	2.2528240701978835e+25	0.06948037545987767
3	115	3486520244131.9165	2404.766040347386	6.611427637323137e+18	3.477346480126477e+25	0.10724643004282593
3	116	1467231703658.4053	2408.951839827448	2.8017082540455127e+18	1.473586473297778e+25	0.04544755304764357
3	117	640324107775.781	2430.378343216568	1.2667973203285816e+18	6.662847186000208e+24	0.020549191134770696
3	118	731416160679.1266	2324.041000850691	1.2099054444657866e+18	6.363618675712252e+24	0.019626326827781964
3	119	2733648112405.5635	2315.5221386960866	4.4560504244181745e+18	2.343704281226983e+25	0.07228325353087595
3	120	3969104916856.1987	2449.3561100064353	8.100504010740185e+18	4.260541089488908e+25	0.13140129248260538
3	121	979692139101.9731	2408.9922709364027	1.870867309261266e+18	9.840013699790555e+24	0.030348035403036776
3	122	2729710922927.893	2383.2573863811945	4.993581990069473e+18	2.62642438349694e+25	0.08100275325374877
3	123	3597810783924.812	2322.102384116167	5.931649944078081e+18	3.1198106045873077e+25	0.09621950290658686
3	124	4185960429533.899	2379.980931990834	7.615541086154237e+18	4.005469989673682e+25	0.12353452826494096
3	125	4097371455360.4067	2345.610953236912	7.033006165017021e+18	3.6990799225523527e+25	0.1140850123518332
3	126	3156038000910.892	2446.4741253672387	6.410862584581584e+18	3.37185728498653e+25	0.10399298962453352
3	127	2124382536230.1206	2334.0326055431296	3.5749677958564685e+18	1.8802900619086682e+25	0.057990884065534445
3	128	2938554263202.612	2388.687739049566	5.424790525321703e+18	2.8532228246982033e+25	0.0879975475019275
3	129	4428256261443.838	2440.8349258856783	8.912470759120035e+18	4.687603120466773e+25	0.14457250751423173
3	130	3464525150198.228	2430.9330979854967	6.860369096731377e+18	3.608279730116835e+25	0.11128460217080441
3	131	3615244540330.336	2377.312784573178	6.547789650220526e+18	3.4438754444299874e+25	0.1062141345529172
3	132	2702412336394.1323	2431.647081689673	5.357541279100772e+18	2.817852411155842e+25	0.08690667243289535
3	133	1495442488188.21	2440.924236731927	3.01022286924579e+18	1.5832568203085158e+25	0.04882994627928718
3	134	652756903636.0947	2406.6923827123	1.2417825249695823e+18	6.531279368330015e+24	0.020143416822826367
3	135	3638391202610.78	2422.3319865758544	7.103228501926388e+18	3.736014062873203e+25	0.1152241150322103
3	136	4869762103244.154	2389.3363812017105	8.999713123002077e+18	4.733489114174173e+25	0.14598769839101405
3	137	4749199201010.453	2456.4534718767572	9.805422076127957e+18	5.15725979516026e+25	0.1590574033951936
3	138	4300472293407.817	2395.9792113145504	8.036372760677638e+18	4.226810617206011e+25	0.13036099559051434
3	139	1935952129594.6504	2329.742003881777	3.2339825351839606e+18	1.700945454205356e+25	0.05245963515676543
3	140	1042550985997.7546	2425.0516671758674	2.0445278168999693e+18	1.075339850576708e+25	0.033165047174977855
3	141	846289407331.4412	2347.875756288643	1.4582469852994094e+18	7.669795843880774e+24	0.02365476745312991
3	142	3761450471879.427	2463.8963414619084	7.86062023613783e+18	4.134371819399053e+25	0.12751004843327673
3	143	794103533595.2407	2420.628519832206	1.545971375718254e+18	8.131191047727729e+24	0.025077777461890043
3	144	4058254241775.336	2303.5157701842923	6.479115876967826e+18	3.407755786649998e+25	0.10510015170035673
3	145	1934386263194.3147	2443.3882512085443	3.909532800861098e+18	2.056257871940903e+25	0.06341798761597645
3	146	3271384346820.3706	2414.151610269761	6.300883797010081e+18	3.314012841875422e+25	0.1022089827512075
3	147	1548317636391.352	2435.6699795102722	3.0899081556206577e+18	1.6251680935302412e+25	0.05012255098729317
3	148	4094524560981.494	2402.3508606561873	7.733230602299174e+18	4.067369967585273e+25	0.1254436137382144
3	149	4990703497400.019	2461.158547529573	1.0383215616220002e+19	5.461156085507073e+25	0.1684300076005037
3	150	2308689111241.59	2365.8284104934937	4.10119257499963e+18	2.1570632467468054e+25	0.06652697219339733
4	1	2659440291367.59	2645.991375507383	7.391893106323669e+18	3.887840098201997e+25	0.11990665108941012
4	2	4928375611396.828	2615.6930981735068	1.3081654722228785e+19	6.880427117703452e+25	0.21220239333663032
4	3	3957230362390.332	2515.9089837433385	8.990477796334039e+18	4.728631701759851e+25	0.14583788871755787
4	4	3819120357150.0117	2512.0700500002927	8.623867286810644e+18	4.535809238170926e+25	0.1398909631033974
4	5	1574497155957.3604	2584.9819755955687	3.9864258834162074e+18	2.0967005576415884e+25	0.06466529894590316
4	6	1792575462443.3677	2559.760654166984	4.3640188826910116e+18	2.2952993715401643e+25	0.07079037561660269
4	7	1833386542051.9553	2503.316084944622	4.0825220151646106e+18	2.1472432790959785e+25	0.06622411008871316
4	8	3558412772118.8145	2539.6302084176814	8.393633420615163e+18	4.414715433906751e+25	0.13615625381231602
4	9	1482142495392.7886	2591.7138473426694	3.7918390301361577e+18	1.9943556562904137e+25	0.06150883312757623
4	10	4456032384029.741	2558.720757849127	1.0830578254000476e+19	5.6964509384740905e+25	0.17568684356217254
4	11	4751294100311.346	2715.486137770309	1.4649203454596671e+19	7.704895048979665e+25	0.23763018513693202
4	12	1251652757414.3384	2566.8051543226666	3.080826263664423e+18	1.6203913816369398e+25	0.049975230235441884
4	13	4960258817616.395	2658.355145719182	1.4046498477498624e+19	7.3878963392251765e+25	0.22785348323401594
4	14	2807098299574.2886	2681.0554278893856	8.224178509290709e+18	4.325588928746541e+25	0.13340746258450648
4	15	1538014152729.914	2574.1233174545887	3.8290361186326144e+18	2.01391983695601e+25	0.062112220953635416
4	16	1338972179649.1455	2570.0537801720334	3.312471387373895e+18	1.742227450903174e+25	0.053732832060261713
4	17	4008130131050.39	2575.2015476836764	9.995360184207266e+18	5.257159642485653e+25	0.16213846018625633
4	18	4860961835633.65	2591.5942552187353	1.2433745743615537e+19	6.539652911312028e+25	0.20169242048951036
4	19	4477036482335.416	2581.3300365811715	1.127136489424259e+19	5.928287079775833e+25	0.1828370078186293
4	20	3912073140668.4106	2541.3214896493937	9.252458335017335e+18	4.866422985885717e+25	0.15008757260668773
4	21	3632092781242.065	2617.180929476761	9.662814868899234e+18	5.082254108446241e+25	0.15674411877458924
4	22	1509982573264.9731	2581.1723674488867	3.800595942408127e+18	1.9989614418689787e+25	0.06165088226293471
4	23	1507179266701.8037	2717.8688182516353	4.663270542919675e+18	2.4526937747540324e+25	0.07564464824945073
4	24	3110387935270.1504	2646.891915078332	8.657073901359742e+18	4.55327458915917e+25	0.14042961996535783
4	25	911690768289.897	2581.873248745032	2.2972008314032868e+18	1.2082357492848726e+25	0.037263750247921355
4	26	1082817145772.6188	2629.1900188078143	2.933963861274886e+18	1.543147632476139e+25	0.04759292050934346
4	27	4499366359410.397	2627.174955139467	1.215399560122639e+19	6.3925155264210315e+25	0.19715448924061668
4	28	2978858167741.127	2654.1804826952734	8.382689259909641e+18	4.408959243142075e+25	0.13597872450550544
4	29	891440419601.3457	2512.5726507521235	2.0145524144137774e+18	1.0595739878850704e+25	0.03267880500731154
4	30	1668892026921.468	2537.132984978558	3.921145003026313e+18	2.0623654257917197e+25	0.06360635347210779
4	31	3755390511598.6323	2557.954560097607	9.116710050030874e+18	4.795024817914239e+25	0.14788554911828902
4	32	1490824408774.151	2599.5860962724973	3.8606021956632325e+18	2.0305223308310338e+25	0.06262426604551231
4	33	3574664436468.1816	2425.959558561996	7.02071338020036e+18	3.6926144094501813e+25	0.11388560651103882
4	34	3165835030967.829	2556.4888378928244	7.66788552203255e+18	4.0330010691682395e+25	0.1243836268543082
4	35	4211064346663.1714	2666.1937401893606	1.2066197567231187e+19	6.346337272460915e+25	0.1957302846319769
4	36	3045793837981.0596	2543.4091928933653	7.227318383229167e+18	3.8012803768432126e+25	0.1172370232124395
4	37	1701627215762.396	2612.0011368842524	4.491274571206191e+18	2.3622307734716085e+25	0.0728546375346868
4	38	3463033255962.9146	2615.277716018863	9.186279437703103e+18	4.831615533054325e+25	0.14901406006590834
4	39	4327617780924.0884	2620.280879657019	1.1567833373557727e+19	6.084217641156422e+25	0.1876461334373205
4	40	4266559977636.5244	2635.750350690057	1.1676338684629244e+19	6.141287094567597e+25	0.1894062384995636
4	41	3638621577511.7764	2650.426041238929	1.0181491126937061e+19	5.3550570731238165e+25	0.1651577595302568
4	42	3887224878009.3857	2676.584440062046	1.1312932551636406e+19	5.9501500048586844e+25	0.18351129227053248
4	43	1213722973818.8315	2581.483831570135	3.0563912406091694e+18	1.6075395369107988e+25	0.04957886062596506
4	44	3845787153312.235	2558.3220506360367	9.341526226443555e+18	4.913269134060252e+25	0.1515323760456575
4	45	1223419532217.387	2620.9126277393	3.273386746258388e+18	1.7216704930620617e+25	0.05309882554017518
4	46	2783604801923.7627	2620.020601461922	7.43769111974627e+18	3.911928021341748e+25	0.12064955772199577
4	47	528736422725.7511	2640.8876347938026	1.4583126985102054e+18	7.670141469084276e+24	0.02365583341159624
4	48	4915337801123.405	2525.5303470175345	1.133901870831833e+19	5.963870279827109e+25	0.18393444553351015
4	49	3343160871575.008	2637.6652134538826	9.175879438155654e+18	4.826145549292348e+25	0.1488453577999084
4	50	2929934208721.3496	2532.487579402859	6.833747078224665e+18	3.5942776132630447e+25	0.11085275649359225
4	51	4009304278180.146	2613.329027334747	1.060369246461979e+19	5.577118088691425e+25	0.17200644467205037
4	52	2935699604042.496	2579.931012133389	7.374892986813551e+18	3.8788987153444555e+25	0.11963088581936936
4	53	4833464017365.477	2660.449097205323	1.373061665109903e+19	7.221755133812046e+25	0.22272944648202625
4	54	4694126474795.078	2527.925287596819	1.086984773510837e+19	5.717105114757598e+25	0.17632384844061674
4	55	961293775958.0566	2608.7772914945253	2.524735512288479e+18	1.3279098900432485e+25	0.040954675048809085
4	56	805266765973.2736	2620.4256174188713	2.1529743622988948e+18	1.1323783955947268e+25	0.03492419897735937
4	57	1854336051260.673	2581.8521360515647	4.672245387184753e+18	2.4574141838436923e+25	0.07579023254083528
4	58	3119767070793.2295	2608.7319634683913	8.193165810371203e+18	4.309277489622838e+25	0.1329043940450682
4	59	2056473756288.3054	2575.9934066152073	5.134686072781261e+18	2.700639486840032e+25	0.08329165513174526
4	60	4421915627685.693	2606.390134868339	1.1571239458278701e+19	6.086009105476265e+25	0.1877013848061301
4	61	4880700361298.286	2618.3551133394035	1.300792641646483e+19	6.8416489780038426e+25	0.21100641902971176
4	62	610641124064.6068	2573.709730634352	1.5192737827587546e+18	7.990772387797946e+24	0.024644705863332537
4	63	599555981880.4877	2593.44807965005	1.537983614915556e+18	8.089178621009859e+24	0.02494820501897479
4	64	3966833380135.0693	2498.2379879687246	8.761751414442757e+18	4.608330773940313e+25	0.1421276328908173
4	65	3574829194729.2734	2514.9503224030623	8.109324442263628e+18	4.2651802836529775e+25	0.13154437198739888
4	66	4987060250709.7	2579.6753561651867	1.2523236178757896e+19	6.586721300579503e+25	0.2031440781674704
4	67	2417815860061.878	2538.506531087959	5.693090650559991e+18	2.994337958568533e+25	0.09234974375821135
4	68	4076642969374.682	2591.1129839256296	1.0419810401164653e+19	5.480403478596561e+25	0.16902362523632913
4	69	3621570016016.6987	2656.0926594713424	1.0220720425100196e+19	5.375690114785699e+25	0.16579411258618848
4	70	1729667871491.942	2665.5271912346107	4.951159574241657e+18	2.604111889668142e+25	0.0803146034469443
4	71	4778886030126.847	2588.879361077222	1.2172664800682076e+19	6.4023347785667445e+25	0.19745732927808102
4	72	4746271640754.195	2542.652068563328	1.1248952215975133e+19	5.916498907514281e+25	0.18247344341715058
4	73	2388772926167.5503	2538.637010953957	5.625861474159774e+18	2.9589781009490748e+25	0.09125919424921576
4	74	1733968410569.0151	2683.0068476724123	5.09495135959537e+18	2.679740617092781e+25	0.08264710355049439
4	75	4927899415819.227	2644.894426938017	1.3674357739749784e+19	7.192165196798796e+25	0.22181684972815097
4	76	1534795726509.8877	2589.6716415784335	3.914182960799042e+18	2.0587036700618642e+25	0.06349341959221971
4	77	1458971168112.875	2603.7103106900076	3.8021486988088474e+18	1.9997781296255013e+25	0.06167607010281414
4	78	2158368546756.925	2588.5298698634824	5.494776894701079e+18	2.8900328555369793e+25	0.08913282246511767
4	79	4389612124278.3667	2625.2750905305747	1.1823257677693954e+19	6.218560608159912e+25	0.19178946620408044
4	80	1334864820664.0452	2598.5537557912567	3.4512454414832215e+18	1.8152170524025152e+25	0.05598393767650969
4	81	4408804255800.248	2635.385777062481	1.2058945847589204e+19	6.342523157998018e+25	0.19561265178685824
4	82	4301524526525.9946	2636.1270040145037	1.1778756941145872e+19	6.195155000765083e+25	0.19106760318282978
4	83	3924607959243.495	2552.7815611228475	9.450670768097784e+18	4.970674797188711e+25	0.15330285030525567
4	84	646367807710.6337	2616.162288145449	1.716920472125917e+18	9.030314915193472e+24	0.027850806422423553
4	85	4643815315170.591	2662.4600883743765	1.3231805272905222e+19	6.95940030133723e+25	0.21463804134071743
4	86	2666850581806.4756	2624.570228350975	7.175352030352116e+18	3.773948153883999e+25	0.11639405764824767
4	87	1027886850330.7751	2618.7488969169854	2.7411479478339487e+18	1.4417341746427437e+25	0.04446518176570963
4	88	2436376527047.582	2562.1300241550844	5.9533416467956e+18	3.131219572548614e+25	0.09657137209515233
4	89	1402361270151.5151	2562.958379601615	3.431135429214634e+18	1.8046399903497289e+25	0.0556577256777958
4	90	3118871308614.7944	2599.2855484305014	8.072817983106277e+18	4.245979346394578e+25	0.13095218711706502
4	91	1710470319957.9395	2568.2697482353324	4.219780144000812e+18	2.2194355645386672e+25	0.06845062531651969
4	92	2548490670868.1055	2649.787611834068	7.124248280213477e+18	3.7470696254610806e+25	0.11556508468434051
4	93	552292429586.4529	2591.348256065154	1.4121601668405765e+18	7.427397613514697e+24	0.02290717600648998
4	94	2659724756227.0557	2565.5920154949863	6.534296146125052e+18	3.4367784010159323e+25	0.10599525139750939
4	95	3200092466536.8667	2651.176076123283	8.964551207402725e+18	4.714995353045538e+25	0.14541732386249173
4	96	4370550787351.4204	2545.3185526968305	1.040199115489047e+19	5.471031267826192e+25	0.16873457260597563
4	97	4009329450020.074	2598.7911511450934	1.036976699370594e+19	5.454082648009577e+25	0.1682118524859435
4	98	972185802881.7869	2571.449764018021	2.410311587548967e+18	1.2677274825872546e+25	0.0390985619499489
4	99	1589202571381.3735	2720.101314091773	4.933229464705706e+18	2.594681369256613e+25	0.08002375246233213
4	100	3661092367448.468	2598.869845527759	9.470230354228255e+18	4.980962357109893e+25	0.1536201336365843
4	101	3018419075691.1133	2556.184066601291	7.307347610649345e+18	3.8433725492971293e+25	0.11853520711623769
4	102	2077821190441.3135	2601.8830116583968	5.399716635927664e+18	2.840034961832514e+25	0.08759081460363198
4	103	649413989561.1495	2591.0494016441257	1.659725055662832e+18	8.729489902764232e+24	0.026923018270307887
4	104	1097220893193.7716	2563.406145718489	2.686429761990845e+18	1.4129545976167048e+25	0.04357757769409208
4	105	3053933817177.0117	2649.444136865451	8.532777582560617e+18	4.4878996973235825e+25	0.13841336308561553
4	106	1400676099101.6455	2631.1654903327303	3.8066426773778017e+18	2.0021417825936288e+25	0.061748968602903374
4	107	1253671620165.814	2613.7755281174127	3.317941169706479e+18	1.7451043376188197e+25	0.05382155943662584
4	108	3679140769191.055	2560.072734219691	8.961224517277777e+18	4.71324564710742e+25	0.1453633603829937
4	109	642137651715.3892	2690.5990062067435	1.908252244705677e+18	1.003664350625398e+25	0.030954470364399817
4	110	4419361056857.385	2617.8962864345885	1.1770122129583696e+19	6.190613435275841e+25	0.19092753468855964
4	111	3713391194595.9253	2571.0268362964966	9.200445967712919e+18	4.839066561178287e+25	0.14924386062533218
4	112	4166713011859.305	2654.4504990892387	1.173015765469476e+19	6.169593720063256e+25	0.19027925605715199
4	113	860516808731.0381	2605.726668310773	2.2495027358826204e+18	1.183148458964823e+25	0.03649002167596283
4	114	4177839964831.2217	2647.5072735499416	1.1638906633777226e+19	6.1215993331014694e+25	0.18879903926162625
4	115	2535432280332.3506	2620.0671813512395	6.77506491781546e+18	3.5634131441742192e+25	0.10990085131420867
4	116	3792152847898.9937	2709.125351208854	1.1582811047499018e+19	6.092095298542584e+25	0.18788909186455652
4	117	867334919137.6531	2548.4211876564923	2.0743565013734825e+18	1.0910285454623968e+25	0.03364890937511733
4	118	4053643282141.1562	2573.535088122689	1.0082718461355219e+19	5.303106601934391e+25	0.16355553133529532
4	119	3464184989753.9424	2748.250517586036	1.120567663925609e+19	5.893737685183133e+25	0.18177145416978116
4	120	3736408002225.1875	2595.168554668839	9.610108948674451e+18	5.054532902644815e+25	0.15588915641300793
4	121	1528046335990.8442	2543.608638974935	3.627015619001352e+18	1.9076651349699511e+25	0.05883517118928329
4	122	3561027090940.811	2628.213869401337	9.634514294491374e+18	5.067369138330683e+25	0.1562850446169489
4	123	824892840406.2913	2654.552305108233	2.3225999860510203e+18	1.2215946886633946e+25	0.03767575939503772
4	124	3772260813948.386	2594.4633285459654	9.691781065189229e+18	5.097489169046927e+25	0.1572139902326817
4	125	3842179345399.9146	2506.7834235845453	8.603132793240919e+18	4.524903723932994e+25	0.13955462116091805
4	126	2169674433430.7122	2554.9199626982213	5.242223183059421e+18	2.757199705361933e+25	0.0850360546483259
4	127	4944423036812.26	2521.9096569302264	1.1340846088423774e+19	5.964831408667368e+25	0.18396408814678383
4	128	3763659471868.1143	2700.0868551265066	1.134313229652702e+19	5.966033862681352e+25	0.18400117357989423
4	129	2690010236411.163	2518.3523859729007	6.135241575785825e+18	3.2268916592003126e+25	0.09952203858949872
4	130	3165576478670.13	2571.361578772574	7.847243853244857e+18	4.127336377052665e+25	0.1272930651445149
4	131	4605635055275.109	2626.642994640673	1.243098246644566e+19	6.538199538051759e+25	0.20164759634139218
4	132	3342020990416.3423	2537.309588310337	7.854431426666001e+18	4.13111675316925e+25	0.1274096574498949
4	133	3799008600868.7646	2620.0812752745737	1.0151753573318509e+19	5.339416309422603e+25	0.1646753755976561
4	134	4590646342995.385	2565.7194859459096	1.1280341910518581e+19	5.933008631256353e+25	0.1829826273430118
4	135	1308573989916.0889	2616.1900063802973	3.4760590845641467e+18	1.8282680361173585e+25	0.056386449022434906
4	136	2715250354016.1567	2585.4255010503257	6.879386788795439e+18	3.618282275434849e+25	0.11159309523666061
4	137	1612539834814.2966	2592.1634800888737	4.1283046565058596e+18	2.171323117135822e+25	0.06696676736504206
4	138	2816678092683.606	2653.120075493756	7.913645212044536e+18	4.1622608357269445e+25	0.1283701863159026
4	139	2116550162298.9456	2542.2215975947142	5.012956294705648e+18	2.6366144927633824e+25	0.08131703106495282
4	140	2259866914932.923	2615.9611671097773	6.000946732027078e+18	3.156257943176962e+25	0.09734359191256949
4	141	4862355450508.794	2640.3646562405543	1.340028647825667e+19	7.048014676103879e+25	0.21737103772129507
4	142	1963355289011.127	2537.711697045015	4.617211399328147e+18	2.4284685075906323e+25	0.07489750572714049
4	143	3980629065589.703	2522.205067475505	9.134505088901792e+18	4.804384296558786e+25	0.14817420907133838
4	144	830735362985.0569	2586.3802014750095	2.1078703898448407e+18	1.1086555102427924e+25	0.03419255064181081
4	145	1263910572893.9333	2495.242123866001	2.7782981975786813e+18	1.4612737199984832e+25	0.04506780980293264
4	146	4229975146471.7427	2612.70869461231	1.1176697952247917e+19	5.878496054964314e+25	0.1813013800950971
4	147	2438993856478.127	2632.4462105253497	6.641412673568497e+18	3.4931174097900864e+25	0.10773282848328766
4	148	3680497475984.5063	2530.4001831405994	8.556085232950148e+18	4.50015858912246e+25	0.1387914451632068
4	149	1251688585554.2744	2642.353950499252	3.4599673201963003e+18	1.8198044117304461e+25	0.05612541851946164
4	150	2635838940874.1626	2661.125045744344	7.495346874241098e+18	3.942252641975847e+25	0.12158481318877108
5	1	4298767020361.387	2818.1327811125584	1.5374515975664431e+19	8.086380422560464e+25	0.24939574967412081
5	2	4407220762309.664	2864.93692519719	1.6835917993199335e+19	8.855019427703123e+25	0.27310169608019225
5	3	1426285445165.457	2783.6559610160175	4.856019498118885e+18	2.554072015230609e+25	0.07877130083850781
5	4	756890852401.9169	2772.4525942767286	2.5357212428279567e+18	1.3336879448777922e+25	0.041132878675378376
5	5	2890262876004.644	2793.4542013615123	9.979649839435209e+18	5.248896629549342e+25	0.161883616832601
5	6	4702437578875.572	2748.2522567733936	1.5211118478784713e+19	8.000439875101607e+25	0.24674521802202234
5	7	1922702472395.3772	2770.56182318966	6.423847224156923e+18	3.378686686017575e+25	0.10420361829904044
5	8	1167544404329.4	2800.464587626546	4.071978578172644e+18	2.141697852975684e+25	0.06605308107050435
5	9	4939835553314.811	2806.9671296810634	1.7388957098937772e+19	9.145895875757311e+25	0.28207274938639443
5	10	4405632325340.1	2822.6267445910667	1.5857466237345317e+19	8.340392942194142e+25	0.2572298657372128
5	11	2546329350352.366	2694.954056927404	7.616084885667886e+18	4.005756006465882e+25	0.12354334943938275
5	12	3500889158957.4697	2946.887642358389	1.4970779292101188e+19	7.87403107647354e+25	0.2428465865637129
5	13	1128430646403.4082	2753.0766044897077	3.6758670249510175e+18	1.9333590204432372e+25	0.059627608039245654
5	14	3530445949962.128	2832.213407975465	1.288087012562899e+19	6.7748224512758235e+25	0.2089453916156472
5	15	4864604207482.717	2813.8284576297465	1.729217881947408e+19	9.094994371890587e+25	0.28050287287143794
5	16	2496875986870.5703	2767.4643231327454	8.304946378167514e+18	4.3680695970609855e+25	0.13471762826646977
5	17	4406640144698.773	2827.3607969028503	1.5967769359268962e+19	8.398407972201103e+25	0.2590191337588589
5	18	4271518803416.496	2754.1420097401983	1.3936039797626702e+19	7.32979949195974e+25	0.22606169184895536
5	19	4750763987633.1045	2798.455618221421	1.652147764064961e+19	8.689636379876068e+25	0.2680010420123789
5	20	3280312580905.4624	2900.170363359105	1.3158943040387363e+19	6.9210776815221376e+25	0.2134561159304811
5	21	4410072430154.232	2777.55395861951	1.4883582437228898e+19	7.828169018684911e+25	0.241432133905527
5	22	4689269129781.4	2803.3749267937505	1.642258938353715e+19	8.6376251121652e+25	0.26639693876414877
5	23	3602870379642.025	2746.1669745911167	1.1618983487268127e+19	6.111120554963544e+25	0.1884758584819927
5	24	3464984616046.9575	2833.4203980471184	1.2663597889210923e+19	6.660545945809377e+25	0.20542093774857093
5	25	2272389825443.713	2761.418583879156	7.492444691418902e+18	3.940726209898685e+25	0.12153773580033307
5	26	3460303870713.662	2814.8314159838087	1.231786764030093e+19	6.478705664092677e+25	0.19981271861839422
5	27	4997361765968.0	2850.257128663901	1.8702027383623848e+19	9.836518322690799e+25	0.3033725515097548
5	28	4020734678262.2305	2787.3809978267777	1.3762663532345752e+19	7.238610511472571e+25	0.22324929087816167
5	29	3051573174440.005	2828.220149394663	1.1071038810925236e+19	5.822923572994237e+25	0.17958744381236777
5	30	2318631447429.6484	2817.7775314837177	8.288391673008172e+18	4.359362484335378e+25	0.13444908822850152
5	31	1971649227034.5742	2852.3460063825005	7.400315182158093e+18	3.892269773207871e+25	0.12004326871820985
5	32	3930283106494.771	2828.497515267069	1.426457305373812e+19	7.502594843344101e+25	0.23139095215415637
5	33	4090161419863.855	2864.4878264187687	1.5614932392783047e+19	8.212829841308172e+25	0.2532956339160813
5	34	1040940749167.738	2786.930003752244	3.5607541671282985e+18	1.8728142617427998e+25	0.05776031950025886
5	35	2950200940823.8228	2736.098870828181	9.375414579178408e+18	4.931093052064675e+25	0.1520820916366333
5	36	3629602430104.38	2717.812964220597	1.1229206215785017e+19	5.906113301254288e+25	0.18215313619393297
5	37	2248511455716.5557	2722.363646609198	7.003117096456305e+18	3.683359468052158e+25	0.11360017063892594
5	38	2179633062332.0303	2784.82320072114	7.433368063343145e+18	3.90965426659596e+25	0.12057943181401615
5	39	1522713322684.1816	2808.484689617601	5.371778873364298e+18	2.825340816234686e+25	0.08713762575204557
5	40	3506957593497.573	2764.99420633975	1.1623024508227561e+19	6.1132459703473684e+25	0.1885414093879999
5	41	3287706557043.265	2687.545213597203	9.725857487541629e+18	5.115412004147395e+25	0.15776675657096778
5	42	4385001423073.2134	2765.8503834824437	1.45511128753254e+19	7.653303327906147e+25	0.2360390213180482
5	43	2835868033112.9814	2777.287786242337	9.567121529267827e+18	5.031923239533706e+25	0.1551918414727236
5	44	2035615224317.7036	2799.0032302377094	7.084692834123889e+18	3.7262650430358003e+25	0.11492344106142438
5	45	2210880284536.3564	2872.2692344791467	8.532524602972505e+18	4.487766640179419e+25	0.1384092594094979
5	46	2901211460270.953	2708.796506305353	8.857203917745124e+18	4.658534972577226e+25	0.14367600349689333
5	47	3235572917570.501	2833.9986537758377	1.1834815359539606e+19	6.224639486503451e+25	0.19197694766580278
5	48	3731553843019.2246	2828.7734333747217	1.354859022145185e+19	7.126016512874815e+25	0.21977672797340994
5	49	4799856631797.206	2787.3657155999517	1.642917735589793e+19	8.641090122108075e+25	0.2665038047174152
5	50	4671655451583.38	2819.6042264850435	1.6743072313345118e+19	8.806186313926999e+25	0.27159561172814517
5	51	771203256303.0238	2790.5551656107764	2.651813887973266e+18	1.3947480325184189e+25	0.04301606070943358
5	52	956393728021.4744	2827.653663822024	3.466995810084221e+18	1.8235011162718968e+25	0.05623943027160066
5	53	2686422916338.4653	2756.4713691869124	8.794275441824234e+18	4.625437111381874e+25	0.14265521725211125
5	54	1882804842168.2896	2750.786381235375	6.112860786619477e+18	3.21512025933038e+25	0.09915899147300578
5	55	4113616540246.9854	2704.394841945757	1.2477165563789253e+19	6.5624899999305955e+25	0.20239674956367962
5	56	3246502024899.133	2819.8419332924404	1.1639289568102703e+19	6.121800741239297e+25	0.18880525098193857
5	57	3722678034004.371	2769.8338217389146	1.2424590088249547e+19	6.534837402815732e+25	0.20154390319391727
5	58	1048487420016.2639	2720.6594142202457	3.257404355865704e+18	1.7132643950111257e+25	0.05283956923318789
5	59	1315172072906.0615	2751.540019484312	4.274621343010401e+18	2.2482798415697503e+25	0.06934022483052538
5	60	2863235226501.771	2827.551865112127	1.0377938303646446e+19	5.458380430185884e+25	0.16834440234778356
5	61	3690708177750.9473	2808.0238103499423	1.301141676543868e+19	6.843484761950128e+25	0.21106303728035034
5	62	1654532526656.137	2753.138597558309	5.390131322371262e+18	2.8349934703143893e+25	0.08743532766251176
5	63	4833170938569.109	2869.870735153019	1.8590592643319656e+19	9.777908106680407e+25	0.30156492708490173
5	64	2976019439703.1777	2796.2427916594993	1.0316847490015074e+19	5.426249105848328e+25	0.16735342550741253
5	65	695356397846.6863	2823.5980666623304	2.506286385315497e+18	1.3182063872205388e+25	0.04065540488904972
5	66	3207253190658.49	2806.960770432245	1.1289906746400578e+19	5.938039352336848e+25	0.18313778210814885
5	67	4186349867420.556	2785.8029094558733	1.4297128089644206e+19	7.519717490029267e+25	0.23191903951627676
5	68	1454201779587.02	2820.0596108163445	5.21518312513057e+18	2.7429777164936747e+25	0.08459742779795405
5	69	3249414449829.463	2857.4709864131855	1.2284123154007638e+19	6.460957414081858e+25	0.1992653367385481
5	70	4550104055291.051	2784.954799031932	1.552049857712968e+19	8.163161431627128e+25	0.2517637878217563
5	71	2090396206862.2314	2837.358261212979	7.68240234509892e+18	4.040636337428228e+25	0.1246191096478644
5	72	1736627159966.6125	2764.9584160566956	5.755363281998135e+18	3.027090871799739e+25	0.09335989130537829
5	73	4201764433311.5527	2890.9786523349326	1.6642669017471123e+19	8.753378196429113e+25	0.2699669324719083
5	74	929908912256.0068	2758.5903009367116	3.053521388041049e+18	1.60603010925407e+25	0.04953230767861936
5	75	3307366961044.5786	2911.134781456754	1.3469248728416072e+19	7.0842860611977174e+25	0.21848970006519852
5	76	1256063934851.8853	2738.108952795644	4.0033760218941107e+18	2.1056156524754264e+25	0.06494025345500562
5	77	3815931852248.8193	2782.2946179276005	1.2966561056505661e+19	6.819892453279717e+25	0.2103354161198389
5	78	930715499840.7278	2822.676891687259	3.3502202132146514e+18	1.7620818233423781e+25	0.054345169823269986
5	79	606373637208.5138	2861.2292218813072	2.3044254115786803e+18	1.2120355894739226e+25	0.03738094285364468
5	80	2960138357213.315	2881.1698281149525	1.1566425896275573e+19	6.0834773644051e+25	0.18762330222413054
5	81	1543761932521.8894	2872.9746801691763	5.963747647137874e+18	3.1366927124886362e+25	0.09674017170228003
5	82	2735450864866.262	2715.734453061903	8.4370352342727e+18	4.437543051818069e+25	0.13686029079607998
5	83	4945034840966.993	2820.7270907189895	1.7751104096986663e+19	9.336370710851105e+25	0.28794727071855186
5	84	2319434456469.3145	2761.3847987336762	7.647184356805587e+18	4.022113084305467e+25	0.1240478255432895
5	85	2426898267165.2666	2848.819197673105	9.064061789336534e+18	4.767333938719443e+25	0.14703152207342549
5	86	4960651971659.848	2855.2024568241677	1.869382316632296e+19	9.832203232559223e+25	0.3032394678453661
5	87	1077774302543.5636	2815.134267449799	3.8382743545910656e+18	2.018778779540717e+25	0.06226207781977489
5	88	3102741126528.841	2773.2925825155953	1.0407347101855627e+19	5.473848281691986e+25	0.1688214534164483
5	89	1733722999519.1265	2744.961035858166	5.581310496549647e+18	2.9355460687652526e+25	0.09053651624898608
5	90	2097483376243.7178	2764.435068761973	6.946016949516016e+18	3.6533270747674437e+25	0.11267392788922141
5	91	812407292357.4202	2762.0479776395678	2.6810840083560484e+18	1.4101429450349472e+25	0.043490862233427595
5	92	4101604285200.627	2801.672938549615	1.432963854952261e+19	7.5368166915069125e+25	0.23244640379405038
5	93	1551704368596.9487	2851.5531456994026	5.817636741479867e+18	3.059844220548751e+25	0.09437005228454866
5	94	3428948160712.374	2805.427133801422	1.2043941255539149e+19	6.3346313427633705e+25	0.19536925671095468
5	95	2898310039481.009	2741.3698371569344	9.281690822950808e+18	4.881798105239206e+25	0.15056176368070578
5	96	3512691298391.8555	2738.3265949359948	1.1199346946238927e+19	5.8904085198438256e+25	0.18166877786194022
5	97	4973627125495.254	2834.7498950388435	1.8211425901653524e+19	9.578481567233688e+25	0.2954143221527532
5	98	3787927296076.6074	2897.327141875738	1.5135734840346171e+19	7.960791096628473e+25	0.24552239194728276
5	99	2593425255276.7314	2804.8216859396744	9.101364310880638e+18	4.7869535729507806e+25	0.1476366201682177
5	100	4809313780274.211	2765.955635898046	1.5961573055043797e+19	8.395148964030836e+25	0.2589186212002919
5	101	1288863240609.4683	2750.465380568115	4.182570845766379e+18	2.1998649620392846e+25	0.06784703943175342
5	102	2911224580128.8657	2831.4706792443394	1.0610496855474751e+19	5.5806969261055005e+25	0.17211682123031308
5	103	935044023410.2383	2879.1732512692047	3.643468262411424e+18	1.9163185672979125e+25	0.05910205564560508
5	104	2064071859075.4194	2784.6609803564315	7.037620871849058e+18	3.7015070737577306e+25	0.11415986923004151
5	105	3492102760192.481	2773.30454493416	1.171356266102523e+19	6.160865417192831e+25	0.19001006248425512
5	106	1185872059986.8784	2729.642798689254	3.7331277265242573e+18	1.9634758590426986e+25	0.060556455205447716
5	107	4966175759712.688	2803.6498377986677	1.7399185088307659e+19	9.151275389046296e+25	0.2822386614112412
5	108	4289149824693.8955	2839.003908985829	1.5799629958640378e+19	8.309973373046494e+25	0.25629168191999147
5	109	2844310897724.19	2762.5410379685436	9.393420300233388e+18	4.940563341110753e+25	0.15237416914385618
5	110	3898716892235.6357	2811.2671376844532	1.3808353611713729e+19	7.262641665616952e+25	0.22399044667224866
5	111	1074710676358.5568	2825.1868023106213	3.882325773646481e+18	2.041948063907103e+25	0.0629766522946347
5	112	3689351139843.394	2829.119797999203	1.3401921815448357e+19	7.048874798053218e+25	0.21739756513494088
5	113	662721712361.4294	2746.4702830882197	2.1381715822645384e+18	1.1245927254078565e+25	0.034684077569324616
5	114	2120613833621.836	2755.5126949106716	6.932390071426944e+18	3.6461598819677154e+25	0.11245288122459006
5	115	894392360437.2734	2804.3593202103216	3.1367106046051195e+18	1.6497843095981086e+25	0.05088175094321635
5	116	1874859397961.106	2835.4044560928337	6.871325326505202e+18	3.614042268728676e+25	0.11146232725446686
5	117	2286416826834.2754	2907.7871581603395	9.268673867875062e+18	4.874951707547568e+25	0.15035061080443127
5	118	2820557424634.2397	2743.4273489673783	9.059840204827868e+18	4.765113554131265e+25	0.1469630421788377
5	119	4637263879464.878	2812.565282040319	1.6454473580787591e+19	8.654394924551042e+25	0.2669141442025911
5	120	4331412309852.9307	2799.922474708205	1.5094727925256344e+19	7.939223099567826e+25	0.2448572035051335
5	121	1438297314608.0112	2778.070639687135	4.857731926937337e+18	2.5549726842919618e+25	0.07879907878414312
5	122	4450884442002.8125	2858.3151373618393	1.684606579927634e+19	8.860356767787384e+25	0.273266307421982
5	123	4406255105483.526	2828.4220503128076	1.5990359636929626e+19	8.410289554639506e+25	0.2593855790662394
5	124	1871056125941.1836	2829.9797056640746	6.805058082158693e+18	3.579188348892186e+25	0.1103873816035732
5	125	864136773730.6348	2740.6043595678966	2.7642645275662904e+18	1.453892570918766e+25	0.04484016441500892
5	126	3627279900061.0776	2782.349197163722	1.2326487674700775e+19	6.48323945738562e+25	0.19995254740681068
5	127	2057448769420.035	2802.5267907797	7.196807036949493e+18	3.7852326291539552e+25	0.11674208730089403
5	128	4201162536354.6245	2808.5248617520215	1.4821573482320208e+19	7.795554788761137e+25	0.24042626355354718
5	129	1096361027338.3179	2923.243881792884	4.539682954548457e+18	2.3876916467743065e+25	0.07363988794993669
5	130	3941644104063.4795	2784.9929857803754	1.3445766598404868e+19	7.071935400097024e+25	0.21810878768868147
5	131	1286773822671.8564	2673.7140683198754	3.728840429228672e+18	1.9612209121571125e+25	0.06048690935926949
5	132	1158682964730.121	2803.1978393455465	4.0568724873125345e+18	2.1337526534269007e+25	0.065808039544601
5	133	2153904900311.8914	2825.387883515575	7.78306351317563e+18	4.093580085389854e+25	0.12625197194514262
5	134	2446240452485.5938	2802.69942092229	8.558880749965032e+18	4.501628919251609e+25	0.13883679228585818
5	135	1903172598883.668	2655.586439740364	5.367001074635418e+18	2.822827885215244e+25	0.08706012329943717
5	136	975491079177.8477	2814.663465706675	3.471690034840773e+18	1.825970090724853e+25	0.05631557703967792
5	137	3383718416105.928	2827.005635584156	1.2254981180994648e+19	6.445629901955945e+25	0.19879261394076625
5	138	3425904915791.6904	2735.875068943924	1.0883587903459795e+19	5.724331893703713e+25	0.17654673282878713
5	139	1184111839078.9165	2765.566662251853	3.927724206439444e+18	2.06582582361889e+25	0.06371307718100852
5	140	4976898427263.952	2796.8671521898777	1.7268629334094811e+19	9.082608284560507e+25	0.28012086789840995
5	141	760012524483.6499	2771.8175486286827	2.543847344204034e+18	1.3379619491575538e+25	0.04126469519225751
5	142	1046232227400.93	2779.453442185041	3.540604728318565e+18	1.8622164629064324e+25	0.05743346794893716
5	143	1864738164054.18	2815.1224857180064	6.640775196138857e+18	3.4927821221611936e+25	0.10772248772448155
5	144	780313091585.2821	2768.6035756623023	2.599702978345718e+18	1.3673397784907137e+25	0.04217075023635373
5	145	2792399576674.0537	2723.285068680777	8.70886823474115e+18	4.580516336744455e+25	0.14126979513724447
5	146	3307531263312.373	2845.6217624629585	1.2297713999505279e+19	6.468105655179797e+25	0.19948579890509402
5	147	2871686587602.432	2747.801358000087	9.283037647162876e+18	4.882506480901786e+25	0.15058361101785642
5	148	4489718968582.1	2789.5519756333983	1.5415894335222856e+19	8.108143784553813e+25	0.25006696345533463
5	149	2524030919695.951	2774.6446052933698	8.482734266137423e+18	4.461578914617639e+25	0.13760159181195095
5	150	2363583886380.172	2741.4479072912072	7.570119734610678e+18	3.981580175615832e+25	0.12279773160497794
6	1	4223920530050.934	3043.932175486302	2.056209496294695e+19	1.0814839466711578e+26	0.33354540047124964
6	2	549640689928.9125	3038.1099200396106	2.6552446578801613e+18	1.3965524802586496e+25	0.04307171250583771
6	3	2372692991808.927	2980.4217596835097	1.0616080082732618e+19	5.583633480314048e+25	0.17220738883906125
6	4	1669159439352.654	2999.2403435615006	7.65869256539054e+18	4.028165941692808e+25	0.1242345044808244
6	5	3921304204049.6074	3005.442281510456	1.8141610534530748e+19	9.541761476741793e+25	0.2942818210808548
6	6	1468408424077.5688	2944.0684285900597	6.255329686573763e+18	3.290053201950336e+25	0.10147003255980076
6	7	554543485897.5198	2950.2946883478903	2.382368478545046e+18	1.2530305249755525e+25	0.03864528637175905
6	8	2965817700381.618	2998.4530501422187	1.3593935392474982e+19	7.149866259026142e+25	0.22051228888077867
6	9	2544698005519.824	2940.347002254488	1.0785550861876888e+19	5.6727683313127674e+25	0.17495643746468575
6	10	1961041671005.2698	2997.995574367172	8.983022935621521e+18	4.724710743219495e+25	0.14571696064547696
6	11	3818106848245.0986	2884.865150522764	1.499553221049236e+19	7.887050121430562e+25	0.24324811287182957
6	12	2275143253565.159	2977.7527119937663	1.0143200239195036e+19	5.334917597807021e+25	0.1645366287792643
6	13	2567510457826.94	3014.24449462861	1.2018156727594805e+19	6.321069712445764e+25	0.19495099628006685
6	14	4799006089267.678	3010.3546931116475	2.2347745347207397e+19	1.1754020142817203e+26	0.36251110039594403
6	15	4041065238148.828	3057.1163227269176	2.001499351638852e+19	1.0527085989879706e+26	0.32467066414600804
6	16	2469214058249.2637	2943.9588817239805	1.0517134723089136e+19	5.531592178955962e+25	0.17060235930940834
6	17	1646017799207.2302	2995.5828670495453	7.515737718318386e+18	3.952977410326738e+25	0.12191558066484598
6	18	3367406645637.2617	3046.0674801493246	1.643862096352934e+19	8.646057081977892e+25	0.2666569929939497
6	19	3467092649926.022	3013.8271833446333	1.6219989425227338e+19	8.53106563809257e+25	0.2631104893847603
6	20	3262701131420.278	3039.9749626752073	1.5800435494290321e+19	8.310397052576937e+25	0.2563047488137802
6	21	799934182523.1049	2940.43549303561	3.3908815342120387e+18	1.783468051734164e+25	0.055004752254933835
6	22	3818451959246.685	3003.1342698443436	1.7611569754776338e+19	9.262981228222163e+25	0.28568383218585847
6	23	2804998643657.035	2988.5508569254876	1.268781960234439e+19	6.673285598049056e+25	0.205813847178362
6	24	881564072206.1145	3004.502141882664	4.0733871667378376e+18	2.142438714217433e+25	0.06607593031023033
6	25	3723455246282.0703	2959.8753633394176	1.6205094585431314e+19	8.523231548153454e+25	0.2628688746410451
6	26	1834410115794.4485	3064.940566242353	9.179021826117068e+18	4.827798319664533e+25	0.14889633164537083
6	27	2073664533856.323	3034.013268964774	9.963688460180212e+18	5.2405015825163846e+25	0.16162470135510343
6	28	1333380055403.6057	3057.8907421012004	6.610792834280183e+18	3.477012599118005e+25	0.10723613266624228
6	29	1283492009003.3794	3014.1271763053396	6.006910990062518e+18	3.159394904333282e+25	0.0974403403634705
6	30	3939676979997.8115	2964.6073661628407	1.7256037859102376e+19	9.075985672373485e+25	0.2799166168930311
6	31	1692708927462.518	3030.356555039181	8.094107081285041e+18	4.25717656047268e+25	0.13129752550746265
6	32	2218728378438.0312	3065.5579443159054	1.1111021619867236e+19	5.843952931185372e+25	0.1802360198472784
6	33	1425592679879.998	3014.0589781134727	6.671356949166712e+18	3.5088669009837236e+25	0.10821856573011131
6	34	3985852012870.046	2953.7189575112816	1.7203213862349328e+19	9.048202363041253e+25	0.27905973916810883
6	35	3397569140935.088	2970.8321013886325	1.500695126774091e+19	7.89305608878101e+25	0.24343334565233346
6	36	4858199499174.727	3001.9295970113517	2.237119030912114e+19	1.1766351254985355e+26	0.36289140985490936
6	37	4094213862445.5854	3072.780934504056	2.0697060022397776e+19	1.0885825689380335e+26	0.33573471896653295
6	38	3866329307432.8945	3089.96357875095	1.998591425827974e+19	1.0511791463284812e+26	0.3241989586700448
6	39	4152964046405.619	2957.3131732657544	1.8011885572079036e+19	9.47353133549069e+25	0.2921775041505981
6	40	2022203776975.2427	3017.960470022892	9.512416154022633e+18	5.003150400369744e+25	0.15430444520658587
6	41	4676376381467.224	2970.261187272217	2.063952775754728e+19	1.0855566019359566e+26	0.33480146667127036
6	42	2444345973248.882	2935.935116326157	1.0298174029850886e+19	5.416427612740372e+25	0.1670505163554087
6	43	2477322453625.035	3028.9721286433632	1.1824298483958909e+19	6.219108030623027e+25	0.19180634951013864
6	44	1583117203246.2725	3007.384966261339	7.343124683429829e+18	3.8621898584967527e+25	0.11911556033850225
6	45	1046756193354.1313	3010.5235270765243	4.875569796274478e+18	2.5643546900485245e+25	0.07908843350613677
6	46	3406148656948.4272	2991.77184644957	1.5473523503187913e+19	8.138454421736715e+25	0.2510017876521088
6	47	1786580551576.2207	3015.2063085334903	8.373412202921818e+18	4.404079882248759e+25	0.13582823790899015
6	48	4309314524106.251	3013.2949239906925	2.014589145867905e+19	1.0595933071606833e+26	0.32679400841909084
6	49	4635169401377.995	3041.8781351679186	2.250321618201902e+19	1.1835791583094722e+26	0.3650330507104566
6	50	2572427737733.63	2959.317732197016	1.1187197523892734e+19	5.884018409666622e+25	0.18147169755717274
6	51	4288993488005.277	3044.4299440165437	2.089253137086101e+19	1.0988635799818057e+26	0.33890553251064476
6	52	3452728269564.822	3036.7224516743827	1.6649244792709902e+19	8.7568367911737e+25	0.270073600571116
6	53	1298429462613.681	3016.3137335423344	6.094472813509705e+18	3.2054489209935644e+25	0.09886071331283747
6	54	4718246299237.035	3001.515582874717	2.1714746023597556e+19	1.142108781857137e+26	0.352242982615536
6	55	694281811086.5525	2995.281412498231	3.168823499829346e+18	1.6666744079702427e+25	0.05140266617666689
6	56	3766909594933.8296	2995.7053375141104	1.72025689338012e+19	9.04786315642208e+25	0.27904927754193465
6	57	4180033984356.253	3001.523942513283	1.923795024635318e+19	1.0118392311571917e+26	0.3120659558633904
6	58	4283163626050.4	2925.4031926764314	1.778768075928158e+19	9.355608572151739e+25	0.2885405943801264
6	59	3797606951448.1274	3115.0205042723487	2.0275211307139994e+19	1.066395013910335e+26	0.32889175384442393
6	60	2787622461123.26	3053.771653155252	1.3746493449003258e+19	7.2301056944377535e+25	0.22298698993393182
6	61	1838968030934.6926	3090.568751433249	9.513483136391135e+18	5.003711590416281e+25	0.15432175312496868
6	62	4429953121373.635	3031.1774428450817	2.120588044573945e+19	1.1153444879241121e+26	0.3439884845569203
6	63	3363311092906.616	2968.8810902504597	1.481664892527654e+19	7.792964668738449e+25	0.24034638047965637
6	64	2577008634889.0547	3023.904499831373	1.221799366078861e+19	6.426175945828377e+25	0.19819262559999684
6	65	541992289221.9198	3041.422725784755	2.629735029477273e+18	1.3831354361038665e+25	0.0426579113227945
6	66	4963144781072.136	2953.6643448753907	2.1419693036892054e+19	1.1265901749683745e+26	0.34745681822964697
6	67	946301448142.4716	3064.399123690097	4.731758372207837e+18	2.488715633446434e+25	0.07675561483571013
6	68	1418160355830.045	2978.8594019457228	6.331944501407272e+18	3.330349529960169e+25	0.1027128300053783
6	69	2997882271860.288	3035.9918645435696	1.4442046014075726e+19	7.595938521563269e+25	0.23426980714122336
6	70	1346111305769.3726	3072.3251967973288	6.800822483132637e+18	3.576960593228442e+25	0.11031867437427934
6	71	2099230559085.8274	3013.8991532371356	9.821701759578634e+18	5.165822257467978e+25	0.1593214822035974
6	72	523533260943.1073	3072.740532249587	2.6464248854891054e+18	1.39191363277185e+25	0.04292864369307611
6	73	3924458420126.4224	2927.507171725955	1.6344940326685448e+19	8.596784814223478e+25	0.26513736449360453
6	74	1169996226496.001	2944.684590938583	4.98828585303965e+18	2.623638827264734e+25	0.08091684264251259
6	75	1875218969705.967	2959.14072666955	8.153164431582033e+18	4.288238364434886e+25	0.1322555167817505
6	76	3749319221912.317	2895.293968616811	1.4939457170576069e+19	7.857556893436188e+25	0.24233849876494862
6	77	4487881012092.836	2915.057540009818	1.8375602903631788e+19	9.664832103194175e+25	0.29807749844737136
6	78	2356798283818.8066	3072.8597879978124	1.1915303988764641e+19	6.266973285930651e+25	0.19328258369737567
6	79	3630281659235.631	3058.3274295488504	1.800893280106857e+19	9.471978296050026e+25	0.2921296061523173
6	80	918457879204.0947	2971.3501097504527	4.059628466738471e+18	2.135202188365766e+25	0.0658527453132968
6	81	3146910201267.7573	3110.7125761731136	1.670842935883075e+19	8.787965505570621e+25	0.2710336554606625
6	82	791841175173.3575	2985.1991386335053	3.565685608447395e+18	1.8754080026189917e+25	0.057840314246545295
6	83	3109927043426.591	3093.06577986182	1.614055865182688e+19	8.489288228514865e+25	0.26182201322650217
6	84	3215694499684.047	3094.3307323044705	1.6716811375763022e+19	8.792374111196319e+25	0.271169623279091
6	85	3544105717518.63	2968.7605226532974	1.5610581100986974e+19	8.21054123587511e+25	0.25322504999127676
6	86	4212722345810.2793	3041.392504798121	2.0439226592079815e+19	1.0750215618370299e+26	0.3315523068667322
6	87	2742150570185.5415	3055.795102668268	1.3558135090328136e+19	7.1310367321089864e+25	0.21993155884631094
6	88	3684564206334.121	2967.5367210962036	1.6202509038941321e+19	8.521871654121578e+25	0.26282693352847875
6	89	4048767341025.829	2861.3218568543275	1.5388681355686615e+19	8.093830845836931e+25	0.249625531579167
6	90	1163536370178.2778	3040.046831981473	5.635244913464235e+18	2.963913414685649e+25	0.09141140651290991
6	91	1976867391241.9019	2957.8369697853127	8.579978621888889e+18	4.51272555596868e+25	0.1391790287239553
6	92	1492753787200.4507	2993.2378552183986	6.794614703421658e+18	3.5736955494116555e+25	0.11021797566758301
6	93	3192013823286.8247	3009.4923918106233	1.4847368893023748e+19	7.80912214297477e+25	0.24084470051772502
6	94	2395616239823.324	3028.8379033096535	1.1432286800728769e+19	6.012925565711303e+25	0.18544738199695357
6	95	3362798141187.0474	2982.51939066111	1.5088485118529331e+19	7.935939632941687e+25	0.24475593661216474
6	96	2344572003633.297	3013.083148634824	1.0957709374955477e+19	5.763316822851583e+25	0.17774908482346946
6	97	4279110285360.2773	3059.9320685995526	2.1272197513879073e+19	1.1188325004399838e+26	0.34506423841811834
6	98	3144962123879.892	2903.131884176177	1.2667596404629918e+19	6.662649004979151e+25	0.20548579915637602
6	99	1330143139101.377	2929.458775095606	5.554688104838911e+18	2.9215437556210738e+25	0.09010466451789245
6	100	617885188394.2916	2941.276473661664	2.6221825201055836e+18	1.3791631182747327e+25	0.042535399255445215
6	101	608862937511.0986	2973.611156787703	2.6994046110534185e+18	1.419778849229656e+25	0.043788047553045106
6	102	2831354448074.6694	3038.571949595791	1.3686237582358151e+19	7.198413518817093e+25	0.2220095570795898
6	103	1844265081149.4788	3051.64819735764	9.069282751206203e+18	4.770079955824414e+25	0.14711621324039081
6	104	4288701050563.1387	2990.252739578552	1.9443260668195946e+19	1.022637738104434e+26	0.31539637268122295
6	105	1337456380308.248	2990.394447363928	6.064643462852709e+18	3.189759875722011e+25	0.09837684030628761
6	106	2673359924384.0986	3069.5249890620375	1.3457173860154874e+19	7.077935163487058e+25	0.21829382913001044
6	107	1100659875871.747	3010.2843187480344	5.125012587870708e+18	2.6955516207164774e+25	0.08313473793025108
6	108	2734075185598.849	2981.077297407677	1.2243769316288645e+19	6.439732909595176e+25	0.1986107421076611
6	109	2465828161768.308	3045.0088493456233	1.2020672949894185e+19	6.322393144726346e+25	0.19499181285911846
6	110	1215086754512.091	3038.905459306301	5.876081093538064e+18	3.09058361195728e+25	0.09531809988610199
6	111	3246013172649.3857	3019.765473122924	1.5305759167219395e+19	8.050217091590713e+25	0.24828041987678007
6	112	3456298203202.128	2971.328108922888	1.5276553589455268e+19	8.034856125909892e+25	0.24780666532264128
6	113	4804765794875.561	2951.1812364358316	2.0666526235263226e+19	1.0869766138699046e+26	0.3352394190335227
6	114	1611404595823.9993	2955.3772080321546	6.970565514768989e+18	3.6662386381478975e+25	0.11307213930897471
6	115	4578145612344.665	2957.9859284671434	1.9874021394944135e+19	1.0452940292884817e+26	0.3223839028608773
6	116	3917292180880.837	2953.858490513658	1.6910499885297437e+19	8.89424651967104e+25	0.2743115167289439
6	117	2523829291027.4297	2973.696098389402	1.1190720402961783e+19	5.885871303141779e+25	0.18152884349060097
6	118	781939415549.0953	2999.2990230871205	3.588094777876743e+18	1.8871943293720517e+25	0.05820382172985422
6	119	4578968540049.85	3005.0822143844757	2.1174093613636686e+19	1.1136726277028352e+26	0.3434728585148009
6	120	2349930211703.1797	2943.448680425403	1.000213182771571e+19	5.260721256105355e+25	0.16224830553761488
6	121	2063044968164.792	3012.353868890315	9.63261902006126e+18	5.066372299791421e+25	0.15625430066454843
6	122	3020756825578.2886	3004.3665528957704	1.3955299957726587e+19	7.3399295657658755e+25	0.22637411807912466
6	123	4715701079148.913	2994.52253542654	2.150147965932793e+19	1.1308918241620118e+26	0.3487835094925131
6	124	1670710059329.2302	2969.7993862537437	7.369215837065369e+18	3.875912761662901e+25	0.11953879465892558
6	125	3788694342413.284	2944.480024135199	1.6148632654562992e+19	8.493534830993951e+25	0.261952984631939
6	126	3043986145572.2446	3028.3527758694054	1.4517113382089998e+19	7.6354209544440554e+25	0.2354875028756202
6	127	2587696190097.5127	3003.999669027957	1.1948806961602984e+19	6.284594509524705e+25	0.19382604789752061
6	128	2072778674390.6846	3017.395305816244	9.743018112244107e+18	5.124437806315911e+25	0.15804512545551186
6	129	1013431031995.7002	2978.6621441558823	4.5236700353629056e+18	2.379269491799474e+25	0.07338013642403025
6	130	1629349976031.341	2972.908250616568	7.21692414110678e+18	3.795813421256522e+25	0.11706841433977579
6	131	4327772260285.12	3050.875061454209	2.126051728953745e+19	1.1182181673605117e+26	0.3448747691489295
6	132	1016459923411.4786	3133.159117505991	5.554331562028287e+18	2.921356228364398e+25	0.09009888090417172
6	133	4370628620072.4575	2985.2229379926725	1.9681705176519664e+19	1.0351789654642282e+26	0.3192642698562103
6	134	3685257937533.959	3007.615775678831	1.7098934294293105e+19	8.993355481426401e+25	0.27736818145713826
6	135	2945921978041.907	2995.8676107480906	1.3456231433545437e+19	7.077439484787558e+25	0.21827854167698457
6	136	2681133292085.2114	2958.549154017082	1.16478373781105e+19	6.126296547390999e+25	0.18894390819159262
6	137	1245985430734.7407	2977.580989047306	5.553656729909139e+18	2.921001293663011e+25	0.09008793420103484
6	138	2352944937130.288	3100.5004644650003	1.2329648726670948e+19	6.484902044279852e+25	0.2000038240081104
6	139	3429380602179.294	2964.461994822541	1.501796097354116e+19	7.898846753643708e+25	0.24361193819053698
6	140	2806261919466.4927	3003.6885053943442	1.2952676231925887e+19	6.812589590943739e+25	0.21011018520911318
6	141	4128816277547.778	2967.637968100598	1.8158541803824376e+19	9.55066664713947e+25	0.29455646950589154
6	142	4038251897228.149	2997.055909504864	1.847500315422477e+19	9.71711265899606e+25	0.29968990693253417
6	143	1406137019611.8848	2964.5483144167647	6.158479628809194e+18	3.2391139455684837e+25	0.09989899170229288
6	144	1985967791921.739	2974.4781973786517	8.815097034707736e+18	4.6363884363748805e+25	0.14299297206499836
6	145	3905381775598.8574	2927.693598371992	1.6269631794917673e+19	8.557175538854899e+25	0.2639157567521439
6	146	4450235351684.184	3004.7496875678153	2.0569697773120893e+19	1.0818838240750666e+26	0.3336687284866462
6	147	4458118347281.881	2981.9763297897703	1.9988495057449718e+19	1.0513148860416254e+26	0.3242408227745651
6	148	2530577048814.4463	3025.5707750464976	1.20243211663406e+19	6.324311960648502e+25	0.19505099193682518
6	149	4932453452633.9375	2996.9478287265	2.256272048131033e+19	1.1867088464349982e+26	0.3659982921108415
6	150	4591490926377.0205	2963.2070775338584	2.0073055077668848e+19	1.0557624048650707e+26	0.3256125023557883
